
                     X                  AVERAGE_UVARM1           AVERAGE_UVARM2           AVERAGE_UVARM3           AVERAGE_UVARM4           AVERAGE_UVARM5           AVERAGE_UVARM6           AVERAGE_UVARM7           AVERAGE_UVARM8           AVERAGE_UVARM9          AVERAGE_UVARM10          AVERAGE_UVARM11          AVERAGE_UVARM12          AVERAGE_UVARM13          AVERAGE_UVARM14          AVERAGE_UVARM15    

                   7.19999981E+03           0.                       0.                       0.                       0.                       0.                       0.                      10.3162289                8.72463989               1.59158945               1.31608951               1.11304295             203.0466E-03              10.0000038E+09          924.223572E-03           176.717102E-03  
                   7.20603991E+03           0.                      15.3306618E+06           43.3038368E+06           44.1960182E+06          354.563477E-03           969.790161E-03            10.3162355                8.72464657               1.59159052               1.31609046               1.11304379             203.046707E-03            10.0000038E+09          924.223572E-03           176.717056E-03  
                   7.21208E+03              0.                      30.6572056E+06           86.5981827E+06           88.3816071E+06          354.554443E-03           969.817017E-03            10.3165016                8.72487259               1.59162819               1.31612408               1.11307275             203.051529E-03            10.0000038E+09          924.225342E-03           176.715729E-03  
                   7.2181201E+03            0.                      45.9796715E+06          129.883026E+06           132.556793E+06           354.545471E-03           969.844055E-03            10.3169832                8.72528839               1.5916971                1.31618583               1.11312556             203.060318E-03            10.0000038E+09          924.228516E-03           176.713333E-03  
                   7.22416019E+03           0.                      61.2980003E+06          173.158432E+06           176.721542E+06           354.536438E-03           969.871155E-03            10.3176556                8.72586346               1.59179282               1.31627131               1.11319911             203.072525E-03            10.0000038E+09          924.233154E-03           176.709991E-03  
                   7.23020029E+03           0.                      76.6122589E+06          216.424347E+06           220.875916E+06           354.527466E-03           969.897888E-03            10.3184891                8.72657776               1.59191155               1.31637776               1.11329031             203.087677E-03            10.0000038E+09          924.23877E-03            176.705795E-03  
                   7.23624039E+03           0.                      91.9223785E+06          259.680756E+06           265.019897E+06           354.518463E-03           969.924866E-03            10.3194637                8.72741413               1.59205031               1.31650221               1.11339688             203.105408E-03            10.0000038E+09          924.245422E-03           176.700974E-03  
                   7.24228001E+03           0.                     107.228447E+06           302.927826E+06           309.153503E+06           354.509491E-03           969.951843E-03            10.3205624                8.72835636               1.59220672               1.31664217               1.11351717             203.125366E-03            10.0000038E+09          924.252869E-03           176.69548E-03   
                   7.24831963E+03           0.                     122.530449E+06           346.165314E+06           353.276672E+06           354.50058E-03            969.978516E-03            10.3217688                8.72939014               1.59237885               1.3167963                1.11364901             203.147308E-03            10.0000038E+09          924.261108E-03           176.689468E-03  
                   7.25435972E+03           0.                     137.828247E+06           389.393372E+06           397.389557E+06           354.491638E-03           970.00531E-03             10.3230705                8.73050594               1.59256411               1.31696212               1.11379147             203.170944E-03            10.0000038E+09          924.269836E-03           176.683014E-03  
                   7.26039982E+03           0.                     153.122131E+06           432.612091E+06           441.492096E+06           354.482697E-03           970.032288E-03            10.3244562                8.73169422               1.5927614                1.31713903               1.11394298             203.196121E-03            10.0000038E+09          924.279236E-03           176.676117E-03  
                   7.26643991E+03           0.                     168.411865E+06           475.821289E+06           485.584229E+06           354.473755E-03           970.05896E-03             10.3259144                8.73294735               1.59296966               1.31732535               1.11410284             203.222626E-03            10.0000038E+09          924.289062E-03           176.668839E-03  
                   7.27248001E+03           0.                     183.697403E+06           519.021179E+06           529.666138E+06           354.464783E-03           970.085693E-03            10.3274412                8.73425674               1.59318721               1.31752002               1.11426985             203.250412E-03            10.0000038E+09          924.299377E-03           176.661224E-03  
                   7.27852011E+03           0.                     198.97908E+06            562.211487E+06           573.737549E+06           354.455841E-03           970.112427E-03            10.3290291                8.73561668               1.593413                 1.31772244               1.1144433              203.279251E-03            10.0000038E+09          924.31012E-03            176.653351E-03  
                   7.2845602E+03            0.                     214.256516E+06           605.392578E+06           617.798828E+06           354.446869E-03           970.13916E-03             10.3306694                8.7370224                1.59364676               1.31793141               1.11462283             203.309052E-03            10.0000038E+09          924.321167E-03           176.645218E-03  
                   7.2906003E+03            0.                     229.529999E+06           648.564209E+06           661.849548E+06           354.43808E-03            970.165649E-03            10.3323565                8.73846912               1.59388733               1.31814694               1.11480749             203.339722E-03            10.0000038E+09          924.332642E-03           176.636871E-03  
                   7.29663992E+03           0.                     244.799408E+06           691.726196E+06           705.890198E+06           354.429077E-03           970.192444E-03            10.3340883                8.73995495               1.59413385               1.31836772               1.11499679             203.371231E-03            10.0000038E+09          924.344299E-03           176.628296E-03  
                   7.30268002E+03           0.                     260.06488E+06            734.879211E+06           749.920288E+06           354.420258E-03           970.218994E-03            10.3358603                8.7414732                1.59438634               1.31859386               1.11519063             203.403397E-03            10.0000038E+09          924.356079E-03           176.619507E-03  
                   7.30872011E+03           0.                     275.326019E+06           778.022583E+06           793.940308E+06           354.411316E-03           970.245667E-03            10.3376665                8.74302292               1.59464383               1.31882441               1.11538827             203.436234E-03            10.0000038E+09          924.368347E-03           176.610535E-03  
                   7.31475973E+03           0.                     290.583221E+06           821.156738E+06           837.94989E+06            354.402435E-03           970.272095E-03            10.3395071                8.74460125               1.59490597               1.31905925               1.11558938             203.469711E-03            10.0000038E+09          924.380737E-03           176.601456E-03  
                   7.32079983E+03          79.6060486E-06          305.117462E+06           855.208984E+06           875.207092E+06           356.899323E-03           976.125122E-03            10.3417234                8.74620533               1.59552109               1.31934226               1.11579418             203.548111E-03             1.602121E+12           924.39563E-03            176.5905E-03    
                   7.32683992E+03         282.118073E-06           315.464569E+06           872.285706E+06           896.973145E+06           361.653748E-03           989.507874E-03            10.3447781                8.74806309               1.59671772               1.31973183               1.11603117             203.700699E-03             5.65236092E+12         924.416077E-03           176.575333E-03  
                   7.33288002E+03         576.341614E-06           321.211884E+06           875.005188E+06           904.537354E+06           367.098053E-03           992.106567E-03            10.3486052                8.75023651               1.59837008               1.32022011               1.11630845             203.911545E-03            11.5368309E+12          924.441833E-03           176.556412E-03  
                   7.33892012E+03         923.036743E-06           326.013458E+06           878.209717E+06           911.442871E+06           371.226349E-03           979.98407E-03             10.3525515                8.75231552               1.60023761               1.32072365               1.11657381             204.149811E-03            18.4707355E+12          924.468689E-03           176.536911E-03  
                   7.34495974E+03           1.31113195E-03         329.556213E+06           881.796936E+06           917.34375E+06            373.733917E-03           972.581116E-03            10.3561459                8.75393581               1.602211                 1.32118177               1.11678028             204.401581E-03            26.2326431E+12          924.492737E-03           176.519196E-03  
                   7.35099983E+03           1.72552979E-03         331.636841E+06           885.627197E+06           921.967773E+06           374.467072E-03           971.541992E-03            10.3582935                8.75421906               1.6040777                1.32145619               1.11681664             204.639709E-03            34.5205956E+12          924.507202E-03           176.50853E-03   
                   7.35703993E+03           2.17052841E-03         332.463196E+06           889.740234E+06           925.546997E+06           373.664856E-03           975.439697E-03            10.3595104                8.75358677               1.60592568               1.32161152               1.11673594             204.875458E-03            43.4205742E+12          924.515442E-03           176.502518E-03  
                   7.36308002E+03           2.64832234E-03         332.411865E+06           894.156555E+06           928.45929E+06            371.762146E-03           981.973328E-03            10.3603249                8.75248718               1.60783911               1.32171535               1.11659551             205.119583E-03            52.9764481E+12          924.520874E-03           176.498444E-03  
                   7.36912012E+03           3.15557289E-03         331.627136E+06           898.844849E+06           930.81488E+06            368.950195E-03           982.358398E-03            10.3609457                8.75111294               1.60983551               1.32179451               1.11642027             205.374252E-03            63.1214561E+12          924.525146E-03           176.495316E-03  
                   7.37516022E+03           3.68867588E-03         330.283783E+06           903.772461E+06           932.75061E+06            365.452209E-03           981.504089E-03            10.3613214                8.7494297                1.61189306               1.32184231               1.11620545             205.636719E-03            73.7835159E+12          924.527832E-03           176.493423E-03  
                   7.38120031E+03           4.24965858E-03         328.668549E+06           908.957397E+06           934.555481E+06           361.590698E-03           977.403992E-03            10.3615294                8.74749851               1.61402988               1.32186866               1.11595941             205.909317E-03            85.0031967E+12          924.529236E-03           176.49234E-03   
                   7.38724041E+03           4.83751583E-03         326.912537E+06           914.390991E+06           936.348389E+06           357.521759E-03           963.033936E-03            10.3616285                8.74537849               1.61625171               1.32188129               1.11568868             206.192825E-03            96.7603378E+12          924.53009E-03            176.491791E-03  
                   7.39327955E+03           5.44946861E-03         325.219299E+06           920.047363E+06           938.319763E+06           353.483551E-03           948.749817E-03            10.3616781                8.74312401               1.61855578               1.32188797               1.11540115             206.486771E-03           108.99939E+12            924.530396E-03           176.491486E-03  
                   7.39931965E+03           6.08687449E-03         323.68277E+06            925.938904E+06           940.578369E+06           349.575165E-03           935.208862E-03            10.3617439                8.74078846               1.62095642               1.32189584               1.11510313             206.79303E-03            121.747467E+12           924.530945E-03           176.491119E-03  
                   7.40535975E+03           6.74977207E-03         322.41806E+06            932.065918E+06           943.249268E+06           345.920288E-03           922.877502E-03            10.3618851                8.73842525               1.62346256               1.32191443               1.11480165             207.112717E-03           135.005417E+12           924.531799E-03           176.490356E-03  
                   7.41139984E+03           7.43634987E-03         321.531433E+06           938.411926E+06           946.440979E+06           342.636444E-03           912.140869E-03            10.3621655                8.73609161               1.62607586               1.32195008               1.11450386             207.446136E-03           148.736984E+12           924.533813E-03           176.488968E-03  
                   7.41743994E+03           8.15120697E-03         321.072876E+06           944.843384E+06           950.125183E+06           339.818542E-03           903.141785E-03            10.3626509                8.73382759               1.62882364               1.32201195               1.11421525             207.796646E-03           163.034149E+12           924.536926E-03           176.486557E-03  
                   7.42348003E+03           8.89764309E-03         321.060394E+06           951.14563E+06            954.191101E+06           337.553741E-03           896.19574E-03             10.3634071                8.73167896               1.63172746               1.32210827               1.11394095             208.167114E-03           177.96286E+12            924.542053E-03           176.482773E-03  
                   7.42952013E+03           9.67812538E-03         321.534302E+06           957.33252E+06            958.698059E+06           335.867065E-03           891.415649E-03            10.3644838                8.72968102               1.63480496               1.32224572               1.11368608             208.559708E-03           193.57254E+12            924.549377E-03           176.477478E-03  
                   7.43556023E+03          10.5116272E-03          322.581848E+06           962.4328E+06             963.104187E+06           335.17453E-03            889.363281E-03            10.3659849                8.72784519               1.63814032               1.32243752               1.11345196             208.98526E-03            210.242493E+12           924.559448E-03           176.470001E-03  
                   7.44160032E+03          11.4049101E-03          324.161743E+06           966.951172E+06           967.715271E+06           335.242157E-03           890.464355E-03            10.3680067                8.72623253               1.64177454               1.32269514               1.11324632             209.448853E-03           228.1082E+12             924.573059E-03           176.460022E-03  
                   7.44763994E+03          12.3916283E-03          327.030762E+06           971.942261E+06           974.005371E+06           336.472595E-03           895.569153E-03            10.3706474                8.72480202               1.64584732               1.32303226               1.11306369             209.968445E-03           247.842606E+12           924.590881E-03           176.446945E-03  
                   7.45368004E+03          13.5430222E-03          331.69342E+06            977.766174E+06           982.727417E+06           339.237366E-03           905.805237E-03            10.3742075                8.72354031               1.65066886               1.32348621               1.11290276             210.583542E-03           270.870422E+12           924.614807E-03           176.429398E-03  
                   7.45972013E+03          14.8848495E-03          337.016235E+06           984.553467E+06           992.748352E+06           342.305298E-03           917.075928E-03            10.3788376                8.72248173               1.65635681               1.32407689               1.11276758             211.309219E-03           297.707001E+12           924.645996E-03           176.40654E-03   
                   7.46575975E+03          16.4489689E-03          342.266968E+06           992.465515E+06             1.00340283E+09         344.867615E-03           926.668884E-03            10.3845539                8.72152233               1.6630336                1.32480633               1.11264527             212.160995E-03           328.98938E+12            924.684204E-03           176.378387E-03  
                   7.47179985E+03          18.2948303E-03          347.234131E+06             1.00180209E+09           1.01467299E+09         346.612091E-03           933.391968E-03            10.3913803                8.72045803               1.67092311               1.32567704               1.11250973             213.167511E-03           365.906586E+12           924.730042E-03           176.344772E-03  
                   7.47783995E+03          21.209383E-03           353.986206E+06             1.01326966E+09           1.029158E+09           349.351257E-03           941.736938E-03            10.4012594                8.71801853               1.68324256               1.32693756               1.11219811             214.739151E-03           424.197693E+12           924.796082E-03           176.296234E-03  
                   7.48388004E+03          26.1533031E-03          360.92276E+06              1.0248909E+09            1.04392147E+09         352.158386E-03           950.591614E-03            10.416976                 8.71300793               1.70396924               1.3289423                1.11155903             217.383362E-03           523.07605E+12            924.900879E-03           176.219193E-03  
                   7.48992014E+03          31.8646355E-03          365.048431E+06             1.03622198E+09           1.05558157E+09         352.288452E-03           948.996704E-03            10.4352179                8.70731735               1.7279017                1.33126962               1.11083305             220.436523E-03           637.302734E+12           925.022217E-03           176.130142E-03  
                   7.49595976E+03          38.0782433E-03          366.162201E+06             1.04384995E+09           1.06171E+09            350.781067E-03           942.411072E-03            10.4551554                8.70123291               1.75392365               1.33381295               1.11005676             223.756256E-03           761.574951E+12           925.154236E-03           176.033157E-03  
                   7.50199986E+03          44.6465874E-03          365.994171E+06             1.04966462E+09           1.06531477E+09         348.677551E-03           933.747803E-03            10.4762411                8.69484329               1.78139949               1.33650291               1.1092416              227.261459E-03           892.941833E+12           925.293274E-03           175.931046E-03  
                   7.50803995E+03          51.5931129E-03          365.593628E+06             1.05448091E+09           1.06801915E+09         346.704987E-03           925.971069E-03            10.4985065                8.68809319               1.81041527               1.33934391               1.10838079             230.963165E-03             1.03187227E+15         925.439392E-03           175.823685E-03  
                   7.51408005E+03          58.9918098E-03          365.548492E+06             1.05833173E+09           1.07046068E+09         345.400818E-03           920.662048E-03            10.522253                 8.68096924               1.84128284               1.34237313               1.10747182             234.901108E-03             1.17984605E+15         925.594482E-03           175.709717E-03  
                   7.52012014E+03          66.9103012E-03          365.733765E+06             1.06176364E+09           1.07286966E+09         344.458923E-03           916.671021E-03            10.5478439                8.67354202               1.87430263               1.34563756               1.10652435             239.113541E-03             1.33821583E+15         925.760986E-03           175.587524E-03  
                   7.52616024E+03          75.376915E-03           365.864807E+06             1.06497049E+09           1.07507217E+09         343.54483E-03            912.797729E-03            10.5754194                8.66583061               1.90959179               1.3491559                1.10554028             243.615524E-03             1.50754845E+15         925.939392E-03           175.456528E-03  
                   7.53220034E+03          84.4106979E-03          366.029602E+06             1.06803548E+09           1.07721591E+09         342.712952E-03           909.233032E-03            10.605093                 8.65786457               1.94722939               1.35294116               1.10452414             248.417175E-03             1.68822396E+15         926.130432E-03           175.316376E-03  
                   7.53824043E+03          94.0357132E-03          366.392365E+06             1.07101703E+09           1.07951331E+09         342.097687E-03           906.413635E-03            10.6369886                8.64967155               1.98731625               1.35701036               1.10347903             253.531281E-03             1.88072407E+15         926.334412E-03           175.166565E-03  




