# step, loss_train, loss_test, metrics_test
0.000000000000000000e+00 2.907239831984043121e-02 1.517758667469024658e-01 9.207264184951782227e-01 2.722399309277534485e-02 1.517758667469024658e-01 9.207264184951782227e-01
1.000000000000000000e+03 3.343646647408604622e-03 2.758524613454937935e-03 2.227862598374485970e-03 2.158089540898799896e-03 2.758524613454937935e-03 2.227862598374485970e-03
2.000000000000000000e+03 6.185366073623299599e-04 5.745687521994113922e-04 1.098101492971181870e-04 2.985089085996150970e-04 5.745687521994113922e-04 1.098101492971181870e-04
3.000000000000000000e+03 1.418854371877387166e-04 3.135276347165927291e-05 9.601445526641327888e-06 9.156468877336010337e-05 3.135276347165927291e-05 9.601445526641327888e-06
4.000000000000000000e+03 7.898730109445750713e-05 7.934302630019374192e-06 2.463305008859606460e-06 5.748580952058546245e-05 7.934302630019374192e-06 2.463305008859606460e-06
5.000000000000000000e+03 3.142824571114033461e-04 2.282116111018694937e-05 7.147104770410805941e-05 2.469058090355247259e-04 2.282116111018694937e-05 7.147104770410805941e-05
6.000000000000000000e+03 4.245901436661370099e-05 4.486974376050056890e-06 1.764377884683199227e-06 3.236148404539562762e-05 4.486974376050056890e-06 1.764377884683199227e-06
7.000000000000000000e+03 3.334739085403271019e-05 3.226992021154728718e-06 1.364400759484851733e-06 2.542375113989692181e-05 3.226992021154728718e-06 1.364400759484851733e-06
8.000000000000000000e+03 2.679271165106911212e-05 2.109923798343515955e-06 9.818322723731398582e-07 1.960572808457072824e-05 2.109923798343515955e-06 9.818322723731398582e-07
9.000000000000000000e+03 1.067802950274199247e-04 5.126568794366903603e-05 3.531210677465423942e-05 8.568036719225347042e-05 5.126568794366903603e-05 3.531210677465423942e-05
1.000000000000000000e+04 5.794602839159779251e-05 6.280254638113547117e-06 3.003355777764227241e-05 4.606512811733409762e-05 6.280254638113547117e-06 3.003355777764227241e-05
1.100000000000000000e+04 1.694916136329993606e-05 1.223044023390684742e-06 1.004049977382237557e-06 1.307394450122956187e-05 1.223044023390684742e-06 1.004049977382237557e-06
1.200000000000000000e+04 2.707708154048305005e-05 1.129898691942798905e-06 3.349016651554848067e-06 1.918643647513817996e-05 1.129898691942798905e-06 3.349016651554848067e-06
1.300000000000000000e+04 1.326052097283536568e-05 8.301094567286781967e-07 5.970583742964663543e-07 9.863969353318680078e-06 8.301094567286781967e-07 5.970583742964663543e-07
1.400000000000000000e+04 1.657268876442685723e-05 7.975298103701788932e-06 8.765287930145859718e-06 1.326360688835848123e-05 7.975298103701788932e-06 8.765287930145859718e-06
1.500000000000000000e+04 2.419858356006443501e-04 9.314268027083016932e-06 8.214189438149333000e-05 1.768725342117249966e-04 9.314268027083016932e-06 8.214189438149333000e-05
1.600000000000000000e+04 1.629038706596475095e-05 1.255120196219650097e-06 5.055045221524778754e-06 1.309871549892704934e-05 1.255120196219650097e-06 5.055045221524778754e-06
1.700000000000000000e+04 9.055970622284803540e-06 5.626146730719483458e-07 4.067857446443667868e-07 6.855921128590125591e-06 5.626146730719483458e-07 4.067857446443667868e-07
1.800000000000000000e+04 1.020625859382562339e-05 2.467153308316483162e-06 2.055408685919246636e-06 8.060491381911560893e-06 2.467153308316483162e-06 2.055408685919246636e-06
1.900000000000000000e+04 7.893535439507104456e-06 4.976262744094128720e-07 3.941639192817092407e-07 5.946228611719561741e-06 4.976262744094128720e-07 3.941639192817092407e-07
2.000000000000000000e+04 7.493576958950143307e-06 4.636544872482772917e-07 3.918162292393390089e-07 5.518247689906274900e-06 4.636544872482772917e-07 3.918162292393390089e-07
2.000000000000000000e+04 7.493576958950143307e-06 4.636544872482772917e-07 3.918162292393390089e-07 5.518247689906274900e-06 4.636544872482772917e-07 3.918162292393390089e-07
2.100000000000000000e+04 7.362865289906039834e-06 4.449520076832413906e-07 3.487561457404808607e-07 5.523872914636740461e-06 4.449520076832413906e-07 3.487561457404808607e-07
2.200000000000000000e+04 7.338357590924715623e-06 4.419940182742720935e-07 3.471630805051972857e-07 5.511106337507953867e-06 4.419940182742720935e-07 3.471630805051972857e-07
2.300000000000000000e+04 7.313690730370581150e-06 4.401038040668936446e-07 3.454164243521518074e-07 5.498236077983165160e-06 4.401038040668936446e-07 3.454164243521518074e-07
2.400000000000000000e+04 7.289365839824313298e-06 4.386955083646171261e-07 3.434742552599345800e-07 5.484864686877699569e-06 4.386955083646171261e-07 3.434742552599345800e-07
2.500000000000000000e+04 7.265552085300441831e-06 4.374082038793858374e-07 3.416927825128368568e-07 5.471762506203958765e-06 4.374082038793858374e-07 3.416927825128368568e-07
2.600000000000000000e+04 7.241639195854077116e-06 4.363168102372583235e-07 3.399667605208378518e-07 5.458438408822985366e-06 4.363168102372583235e-07 3.399667605208378518e-07
2.700000000000000000e+04 7.218232440209249035e-06 4.352664291218388826e-07 3.383797206879535224e-07 5.445266651804558933e-06 4.352664291218388826e-07 3.383797206879535224e-07
2.800000000000000000e+04 7.194963473011739552e-06 4.342857096162333619e-07 3.369554235632676864e-07 5.432152192952344194e-06 4.342857096162333619e-07 3.369554235632676864e-07
2.900000000000000000e+04 7.171972356445621699e-06 4.333567744652100373e-07 3.356303182044939604e-07 5.418972705228952691e-06 4.333567744652100373e-07 3.356303182044939604e-07
3.000000000000000000e+04 7.149242264858912677e-06 4.324006113165523857e-07 3.343490675433713477e-07 5.405543561209924519e-06 4.324006113165523857e-07 3.343490675433713477e-07
3.100000000000000000e+04 7.126566742954310030e-06 4.314759394219436217e-07 3.330820277369639371e-07 5.392163984652142972e-06 4.314759394219436217e-07 3.330820277369639371e-07
3.200000000000000000e+04 7.104218184394994751e-06 4.305184120312333107e-07 3.318612584735092241e-07 5.378457444749074057e-06 4.305184120312333107e-07 3.318612584735092241e-07
3.300000000000000000e+04 7.081963758537312970e-06 4.295127382647478953e-07 3.306724352114542853e-07 5.364852768252603710e-06 4.295127382647478953e-07 3.306724352114542853e-07
3.400000000000000000e+04 7.060154985083499923e-06 4.286022772248543333e-07 3.295491808330552885e-07 5.350920673663495108e-06 4.286022772248543333e-07 3.295491808330552885e-07
3.500000000000000000e+04 7.038366675260476768e-06 4.275925107322109398e-07 3.284332308339799056e-07 5.336925369192613289e-06 4.275925107322109398e-07 3.284332308339799056e-07
