
                     X                   displacement                force         

                   7.19999981E+03           0.                      -0.            
                   7.20404959E+03          10.1299992E-06          140.640137      
                   7.20810032E+03          20.2599983E-06          281.280273      
                   7.2121501E+03           30.3899899E-06          421.92041       
                   7.21620035E+03          40.5199966E-06          562.560242      
                   7.22025013E+03          50.6499863E-06          703.200012      
                   7.22429991E+03          60.7799797E-06          843.83905       
                   7.22835016E+03          70.9099731E-06          984.478027      
                   7.23239994E+03          81.0399933E-06            1.12511635E+03
                   7.2364502E+03           91.1699753E-06            1.26575363E+03
                   7.24049997E+03         101.299973E-06             1.40639031E+03
                   7.24454975E+03         111.42997E-06              1.5470264E+03 
                   7.24860001E+03         121.559959E-06             1.68766081E+03
                   7.25264978E+03         131.689957E-06             1.82829475E+03
                   7.25670004E+03         141.819946E-06             1.96892738E+03
                   7.26074982E+03         151.949936E-06             2.10955811E+03
                   7.26479959E+03         162.079987E-06             2.25018835E+03
                   7.26885033E+03         172.209976E-06             2.39081645E+03
                   7.2729001E+03          182.339951E-06             2.53144288E+03
                   7.27695036E+03         192.469971E-06             2.6720674E+03 
                   7.28100014E+03         202.599945E-06             2.81269073E+03
                   7.28504992E+03         212.729935E-06             2.95331097E+03
                   7.28910017E+03         222.85994E-06              3.09393048E+03
                   7.29314995E+03         232.989929E-06             3.23454762E+03
                   7.2972002E+03          243.119919E-06             3.37516141E+03
                   7.30124998E+03         253.249908E-06             3.51577377E+03
                   7.30529976E+03         263.379913E-06             3.65638351E+03
                   7.30935001E+03         273.509918E-06             3.79699039E+03
                   7.31339979E+03         283.639893E-06             3.93759489E+03
                   7.31745005E+03         293.769897E-06             4.07819653E+03
                   7.32149982E+03         303.899872E-06             4.21879482E+03
                   7.3255496E+03          314.029999E-06             4.35939121E+03
                   7.32960033E+03         324.159973E-06             4.49998331E+03
                   7.33365011E+03         334.289978E-06             4.6405735E+03 
                   7.33770037E+03         344.419952E-06             4.7811594E+03 
                   7.34175014E+03         354.549988E-06             4.92174101E+03
                   7.34579992E+03         364.679901E-06             5.06231976E+03
                   7.34985018E+03         374.809937E-06             5.2028966E+03 
                   7.35389996E+03         384.939941E-06             5.34346771E+03
                   7.35795021E+03         395.069885E-06             5.48403502E+03
                   7.36199999E+03         405.19989E-06              5.6245985E+03 
                   7.36604977E+03         415.329865E-06             5.76515818E+03
                   7.37010002E+03         425.459869E-06             5.90571404E+03
                   7.3741498E+03          435.589874E-06             6.04626513E+03
                   7.37820005E+03         445.719879E-06             6.18681097E+03
                   7.38224983E+03         455.849854E-06             6.32735252E+03
                   7.38629961E+03         465.979858E-06             6.46789026E+03
                   7.39034986E+03         476.109863E-06             6.6084218E+03 
                   7.39440012E+03         486.239838E-06             6.74895048E+03
                   7.39845037E+03         496.369843E-06             6.88947248E+03
                   7.40250015E+03         506.499817E-06             7.02999067E+03
                   7.40654993E+03         516.629822E-06             7.17044353E+03
                   7.41060019E+03         526.759827E-06             7.31074619E+03
                   7.41464996E+03         536.889832E-06             7.45083284E+03
                   7.41870022E+03         547.019836E-06             7.59065437E+03
                   7.42275E+03            557.149841E-06             7.73015118E+03
                   7.42679977E+03         567.279785E-06             7.86927319E+03
                   7.43085003E+03         577.40979E-06              8.00796127E+03
                   7.43489981E+03         587.539795E-06             8.14613438E+03
                   7.43895006E+03         597.669861E-06             8.28372288E+03
                   7.44299984E+03         607.799744E-06             8.42061901E+03
                   7.44704962E+03         617.929993E-06             8.55669594E+03
                   7.45109987E+03         628.059998E-06             8.691782E+03  
                   7.45515013E+03         638.189941E-06             8.82561779E+03
                   7.45920038E+03         648.319946E-06             8.95779514E+03
                   7.46325016E+03         658.450012E-06             9.08747959E+03
                   7.46729994E+03         668.579956E-06             9.209445E+03  
                   7.47135019E+03         678.709961E-06             9.29762459E+03
                   7.47539997E+03         688.839905E-06             9.37776279E+03
                   7.47945023E+03         698.970032E-06             9.45343113E+03
                   7.4835E+03             709.099976E-06             9.52607632E+03
                   7.48754978E+03         719.22998E-06              9.5962944E+03 
                   7.49160004E+03         729.359802E-06             9.66443157E+03
                   7.49564981E+03         739.48999E-06              9.73068428E+03
                   7.49970007E+03         749.619873E-06             9.79519844E+03
                   7.50374985E+03         759.750061E-06             9.85772514E+03
                   7.50779963E+03         769.879883E-06             9.91792393E+03
                   7.51184988E+03         780.010071E-06             9.97546387E+03
                   7.51590014E+03         790.139771E-06            10.0287724E+03 
                   7.51995039E+03         800.270081E-06            10.0786991E+03 
                   7.52400017E+03         810.39978E-06             10.1264391E+03 
                   7.52804995E+03         820.530029E-06            10.1724434E+03 
                   7.5321002E+03          830.659729E-06            10.217063E+03  
                   7.53614998E+03         840.7901E-06              10.2604809E+03 
                   7.54020023E+03         850.919739E-06            10.3028851E+03 
                   7.54425001E+03         861.050049E-06            10.3443537E+03 
                   7.54829979E+03         871.179749E-06            10.3850193E+03 
                   7.55235004E+03         881.31012E-06             10.4249001E+03 
                   7.55639982E+03         891.439758E-06            10.4629021E+03 
                   7.56045008E+03         901.570068E-06            10.4983149E+03 
                   7.56449986E+03         911.699707E-06            10.5309849E+03 
                   7.56854963E+03         921.830139E-06            10.5613937E+03 
                   7.57259989E+03         931.959717E-06            10.5902214E+03 
                   7.57664967E+03         942.090088E-06            10.6177588E+03 
                   7.5807004E+03          952.219727E-06            10.6442413E+03 
                   7.58475018E+03         962.350159E-06            10.6697788E+03 
                   7.58879995E+03         972.479675E-06            10.6935511E+03 
                   7.59285021E+03         982.610413E-06            10.7156439E+03 
                   7.59689999E+03         992.739685E-06            10.7361841E+03 
                   7.60095024E+03           1.00287044E-03          10.7553434E+03 
                   7.60500002E+03           1.01299965E-03          10.7730503E+03 
                   7.6090498E+03            1.02313042E-03          10.7891712E+03 
                   7.61310005E+03           1.03325963E-03          10.8038149E+03 
                   7.61714983E+03           1.04339039E-03          10.8171043E+03 
                   7.62120008E+03           1.05351961E-03          10.8292408E+03 
                   7.62524986E+03           1.06365037E-03          10.8402977E+03 
                   7.62929964E+03           1.0737797E-03           10.8502598E+03 
                   7.6333499E+03            1.08391035E-03          10.8590431E+03 
                   7.63739967E+03           1.09403968E-03          10.8667126E+03 
                   7.64145041E+03           1.10417032E-03          10.8732061E+03 
                   7.64550018E+03           1.11429965E-03          10.8786535E+03 
                   7.64954996E+03           1.1244303E-03           10.8830814E+03 
                   7.65360022E+03           1.13455963E-03          10.8854303E+03 
                   7.65764999E+03           1.14469028E-03          10.8832035E+03 
                   7.66170025E+03           1.15481961E-03          10.8825703E+03 
                   7.66575003E+03           1.16495037E-03          10.8854198E+03 
                   7.6697998E+03            1.17507958E-03          10.8869648E+03 
                   7.67385006E+03           1.18521023E-03          10.887702E+03  
                   7.67789984E+03           1.19533968E-03          10.8852434E+03 
                   7.68195009E+03           1.20547032E-03          10.8834314E+03 
                   7.68599987E+03           1.21559954E-03          10.8813686E+03 
                   7.69004965E+03           1.22573018E-03          10.8796606E+03 
                   7.6940999E+03            1.23585999E-03          10.8759775E+03 
                   7.69814968E+03           1.24599028E-03          10.868638E+03  
                   7.70220041E+03           1.25611997E-03          10.8333912E+03 
                   7.70625019E+03           1.26625001E-03           9.1195488E+03 
                   7.71029997E+03           1.27637994E-03           9.10259819E+03
                   7.71435022E+03           1.28651023E-03           9.17794132E+03
                   7.7184E+03               1.29663992E-03           9.25016212E+03
                   7.72245026E+03           1.30676997E-03           9.31950855E+03
                   7.72650003E+03           1.31690001E-03           9.38556957E+03
                   7.73054981E+03           1.3270303E-03            9.44882965E+03
                   7.73460007E+03           1.33715987E-03           9.50944042E+03
                   7.73864985E+03           1.34729004E-03           9.56704903E+03
                   7.7427001E+03            1.35741997E-03           9.62125683E+03
                   7.74674988E+03           1.36755025E-03           9.67209339E+03
                   7.75079966E+03           1.37767982E-03           9.71978664E+03
                   7.75484991E+03           1.38780999E-03           9.76437569E+03
                   7.75889969E+03           1.39794004E-03           9.80653667E+03
                   7.76295042E+03           1.40807021E-03           9.84616184E+03
                   7.7670002E+03            1.4181999E-03            9.88342285E+03
                   7.77104998E+03           1.42832983E-03           9.9176569E+03 
                   7.77510023E+03           1.43845999E-03           9.94883347E+03
                   7.77915001E+03           1.44859016E-03           9.97727585E+03
                   7.78320026E+03           1.45871961E-03          10.0031433E+03 
                   7.78725004E+03           1.46884978E-03          10.0260696E+03 
                   7.79129982E+03           1.47897995E-03          10.045577E+03  
                   7.79535007E+03           1.48911023E-03          10.061141E+03  
                   7.79939985E+03           1.4992398E-03           10.0733633E+03 
                   7.80345011E+03           1.50936985E-03          10.082305E+03  
                   7.80749989E+03           1.51950014E-03          10.0882006E+03 
                   7.81154966E+03           1.52963018E-03          10.0910883E+03 
                   7.81559992E+03           1.53975976E-03          10.0909739E+03 
                   7.8196497E+03            1.5498898E-03           10.0864162E+03 
                   7.82370043E+03           1.56002009E-03          10.0796404E+03 
                   7.82775021E+03           1.57015014E-03          10.0679808E+03 
                   7.83179998E+03           1.58027959E-03          10.055665E+03  
                   7.83585024E+03           1.59040964E-03          10.0387783E+03 
                   7.83990002E+03           1.60054016E-03          10.0212078E+03 
                   7.84395027E+03           1.61067009E-03           9.99913025E+03
                   7.84800005E+03           1.62079954E-03           9.97160816E+03
                   7.85204983E+03           1.63092959E-03           9.93909168E+03
                   7.85610008E+03           1.64106011E-03           9.8143959E+03 
                   7.86014986E+03           1.65119016E-03           9.65841675E+03
                   7.86420012E+03           1.66131949E-03           9.42383194E+03
                   7.86824989E+03           1.67144966E-03           9.27912903E+03
                   7.87229967E+03           1.68158019E-03           9.18762016E+03
                   7.87634993E+03           1.69171011E-03           9.13075066E+03
                   7.8803997E+03            1.70183945E-03           9.09306526E+03
                   7.88444996E+03           1.71196961E-03           9.07247257E+03
                   7.88850021E+03           1.72210014E-03           9.07677174E+03
                   7.89254999E+03           1.73223007E-03           9.09486198E+03
                   7.89660025E+03           1.74235952E-03           9.11068058E+03
                   7.90065002E+03           1.75248945E-03           9.12245846E+03
                   7.90470028E+03           1.76262021E-03           9.12767029E+03
                   7.90875006E+03           1.77275002E-03           9.12680244E+03
                   7.91279984E+03           1.78287947E-03           9.11767483E+03
                   7.91685009E+03           1.79300952E-03           9.10099602E+03
                   7.92089987E+03           1.80314016E-03           9.07747936E+03
                   7.92495012E+03           1.81327009E-03           9.04593945E+03
                   7.9289999E+03            1.82339942E-03           9.00749683E+03
                   7.93304968E+03           1.83352947E-03           8.95996952E+03
                   7.93709993E+03           1.84366024E-03           8.90811729E+03
                   7.94114971E+03           1.85379004E-03           8.84615898E+03
                   7.94519997E+03           1.86391938E-03           8.7791853E+03 
                   7.94925022E+03           1.87404943E-03           8.6993742E+03 
                   7.9533E+03               1.88418019E-03           8.6028595E+03 
                   7.95735025E+03           1.89431E-03              8.48334503E+03
                   7.96140003E+03           1.90443945E-03           8.32089806E+03
                   7.96545029E+03           1.91456938E-03           8.1654644E+03 
                   7.96950006E+03           1.92470026E-03           8.01744747E+03
                   7.97354984E+03           1.93482995E-03           7.93004894E+03
                   7.9776001E+03            1.9449594E-03            7.86667109E+03
                   7.98164988E+03           1.95509076E-03           7.82408857E+03
                   7.98570013E+03           1.96522081E-03           7.7670207E+03 
                   7.98974991E+03           1.97535014E-03           7.70495319E+03
                   7.99379969E+03           1.98547935E-03           7.62725782E+03
                   7.99784994E+03           1.9956094E-03            7.54066515E+03
                   8.00189972E+03           2.00574088E-03           7.44098091E+03
                   8.00594997E+03           2.01587009E-03           7.3318119E+03 
                   8.01000023E+03           2.02599931E-03           7.21244574E+03




