
                     X                   displacement                force         

                   7.19999981E+03           0.                      -0.            
                   7.20404959E+03          10.1299992E-06          141.850891      
                   7.20810032E+03          20.2599983E-06          283.701782      
                   7.2121501E+03           30.3899899E-06          425.552643      
                   7.21620035E+03          40.5199966E-06          567.403503      
                   7.22025013E+03          50.6499863E-06          709.254272      
                   7.22429991E+03          60.7799797E-06          851.104919      
                   7.22835016E+03          70.9099731E-06          992.955566      
                   7.23239994E+03          81.0399933E-06            1.1348058E+03 
                   7.2364502E+03           91.1699753E-06            1.27665651E+03
                   7.24049997E+03         101.299973E-06             1.41850638E+03
                   7.24454975E+03         111.42997E-06              1.56035602E+03
                   7.24860001E+03         121.559959E-06             1.7022059E+03 
                   7.25264978E+03         131.689957E-06             1.84405565E+03
                   7.25670004E+03         141.819946E-06             1.98590481E+03
                   7.26074982E+03         151.949936E-06             2.12775373E+03
                   7.26479959E+03         162.079987E-06             2.2696023E+03 
                   7.26885033E+03         172.209976E-06             2.41145039E+03
                   7.2729001E+03          182.339951E-06             2.55329823E+03
                   7.27695036E+03         192.469971E-06             2.69514585E+03
                   7.28100014E+03         202.599945E-06             2.83699298E+03
                   7.28504992E+03         212.729935E-06             2.9788394E+03 
                   7.28910017E+03         222.85994E-06              3.1206851E+03 
                   7.29314995E+03         232.989929E-06             3.26253057E+03
                   7.2972002E+03          243.119919E-06             3.40437555E+03
                   7.30124998E+03         253.249908E-06             3.54621983E+03
                   7.30529976E+03         263.379913E-06             3.68806434E+03
                   7.30935001E+03         273.509918E-06             3.82990766E+03
                   7.31339979E+03         283.639893E-06             3.9717505E+03 
                   7.31745005E+03         293.769897E-06             4.1135931E+03 
                   7.32149982E+03         303.899872E-06             4.25543356E+03
                   7.3255496E+03          314.029999E-06             4.39727497E+03
                   7.32960033E+03         324.159973E-06             4.53911495E+03
                   7.33365011E+03         334.289978E-06             4.68095446E+03
                   7.33770037E+03         344.419952E-06             4.82279348E+03
                   7.34175014E+03         354.549988E-06             4.9646306E+03 
                   7.34579992E+03         364.679901E-06             5.1064682E+03 
                   7.34985018E+03         374.809937E-06             5.24830341E+03
                   7.35389996E+03         384.939941E-06             5.39013958E+03
                   7.35795021E+03         395.069885E-06             5.53197384E+03
                   7.36199999E+03         405.19989E-06              5.67380667E+03
                   7.36604977E+03         415.329865E-06             5.81563997E+03
                   7.37010002E+03         425.459869E-06             5.95747137E+03
                   7.3741498E+03          435.589874E-06             6.09930277E+03
                   7.37820005E+03         445.719879E-06             6.24113226E+03
                   7.38224983E+03         455.849854E-06             6.38295984E+03
                   7.38629961E+03         465.979858E-06             6.52478838E+03
                   7.39034986E+03         476.109863E-06             6.66661549E+03
                   7.39440012E+03         486.239838E-06             6.80843878E+03
                   7.39845037E+03         496.369843E-06             6.95026445E+03
                   7.40250015E+03         506.499817E-06             7.09208822E+03
                   7.40654993E+03         516.629822E-06             7.23385048E+03
                   7.41060019E+03         526.759827E-06             7.37546778E+03
                   7.41464996E+03         536.889832E-06             7.51687288E+03
                   7.41870022E+03         547.019836E-06             7.65801477E+03
                   7.42275E+03            557.149841E-06             7.79883671E+03
                   7.42679977E+03         567.279785E-06             7.93928528E+03
                   7.43085003E+03         577.40979E-06              8.07929993E+03
                   7.43489981E+03         587.539795E-06             8.21880817E+03
                   7.43895006E+03         597.669861E-06             8.35772991E+03
                   7.44299984E+03         607.799744E-06             8.49596596E+03
                   7.44704962E+03         617.929993E-06             8.63337994E+03
                   7.45109987E+03         628.059998E-06             8.76981068E+03
                   7.45515013E+03         638.189941E-06             8.90499687E+03
                   7.45920038E+03         648.319946E-06             9.03852844E+03
                   7.46325016E+03         658.450012E-06             9.16959858E+03
                   7.46729994E+03         668.579956E-06             9.29367638E+03
                   7.47135019E+03         678.709961E-06             9.38332844E+03
                   7.47539997E+03         688.839905E-06             9.46466732E+03
                   7.47945023E+03         698.970032E-06             9.541749E+03  
                   7.4835E+03             709.099976E-06             9.61582851E+03
                   7.48754978E+03         719.22998E-06              9.68748569E+03
                   7.49160004E+03         729.359802E-06             9.7570591E+03 
                   7.49564981E+03         739.48999E-06              9.82474422E+03
                   7.49970007E+03         749.619873E-06             9.89069748E+03
                   7.50374985E+03         759.750061E-06             9.95474243E+03
                   7.50779963E+03         769.879883E-06            10.0164948E+03 
                   7.51184988E+03         780.010071E-06            10.0758467E+03 
                   7.51590014E+03         790.139771E-06            10.131217E+03  
                   7.51995039E+03         800.270081E-06            10.1829958E+03 
                   7.52400017E+03         810.39978E-06             10.2325392E+03 
                   7.52804995E+03         820.530029E-06            10.2803555E+03 
                   7.5321002E+03          830.659729E-06            10.3267612E+03 
                   7.53614998E+03         840.7901E-06              10.3719664E+03 
                   7.54020023E+03         850.919739E-06            10.416152E+03  
                   7.54425001E+03         861.050049E-06            10.4594221E+03 
                   7.54829979E+03         871.179749E-06            10.5018911E+03 
                   7.55235004E+03         881.31012E-06             10.5436354E+03 
                   7.55639982E+03         891.439758E-06            10.5844536E+03 
                   7.56045008E+03         901.570068E-06            10.6230249E+03 
                   7.56449986E+03         911.699707E-06            10.6589594E+03 
                   7.56854963E+03         921.830139E-06            10.692358E+03  
                   7.57259989E+03         931.959717E-06            10.7241201E+03 
                   7.57664967E+03         942.090088E-06            10.7546139E+03 
                   7.5807004E+03          952.219727E-06            10.7840624E+03 
                   7.58475018E+03         962.350159E-06            10.8125868E+03 
                   7.58879995E+03         972.479675E-06            10.8403435E+03 
                   7.59285021E+03         982.610413E-06            10.8667412E+03 
                   7.59689999E+03         992.739685E-06            10.8915834E+03 
                   7.60095024E+03           1.00287044E-03          10.9150915E+03 
                   7.60500002E+03           1.01299965E-03          10.9373493E+03 
                   7.6090498E+03            1.02313042E-03          10.9583311E+03 
                   7.61310005E+03           1.03325963E-03          10.9781742E+03 
                   7.61714983E+03           1.04339039E-03          10.997035E+03  
                   7.62120008E+03           1.05351961E-03          11.0147724E+03 
                   7.62524986E+03           1.06365037E-03          11.0315781E+03 
                   7.62929964E+03           1.0737797E-03           11.0475092E+03 
                   7.6333499E+03            1.08391035E-03          11.0627251E+03 
                   7.63739967E+03           1.09403968E-03          11.0772161E+03 
                   7.64145041E+03           1.10417032E-03          11.0908852E+03 
                   7.64550018E+03           1.11429965E-03          11.1037226E+03 
                   7.64954996E+03           1.1244303E-03           11.1157579E+03 
                   7.65360022E+03           1.13455963E-03          11.1271677E+03 
                   7.65764999E+03           1.14469028E-03          11.1380033E+03 
                   7.66170025E+03           1.15481961E-03          11.1483145E+03 
                   7.66575003E+03           1.16495037E-03          11.1581106E+03 
                   7.6697998E+03            1.17507958E-03          11.1674471E+03 
                   7.67385006E+03           1.18521023E-03          11.1763763E+03 
                   7.67789984E+03           1.19533968E-03          11.1848221E+03 
                   7.68195009E+03           1.20547032E-03          11.1928082E+03 
                   7.68599987E+03           1.21559954E-03          11.2004004E+03 
                   7.69004965E+03           1.22573018E-03          11.2076492E+03 
                   7.6940999E+03            1.23585999E-03          11.214571E+03  
                   7.69814968E+03           1.24599028E-03          11.2211933E+03 
                   7.70220041E+03           1.25611997E-03          11.2275114E+03 
                   7.70625019E+03           1.26625001E-03          11.23353E+03   
                   7.71029997E+03           1.27637994E-03          11.2392702E+03 
                   7.71435022E+03           1.28651023E-03          11.2447357E+03 
                   7.7184E+03               1.29663992E-03          11.2499323E+03 
                   7.72245026E+03           1.30676997E-03          11.2548981E+03 
                   7.72650003E+03           1.31690001E-03          11.2596264E+03 
                   7.73054981E+03           1.3270303E-03           11.2641258E+03 
                   7.73460007E+03           1.33715987E-03          11.2684069E+03 
                   7.73864985E+03           1.34729004E-03          11.2724676E+03 
                   7.7427001E+03            1.35741997E-03          11.276309E+03  
                   7.74674988E+03           1.36755025E-03          11.2799444E+03 
                   7.75079966E+03           1.37767982E-03          11.2833929E+03 
                   7.75484991E+03           1.38780999E-03          11.2866535E+03 
                   7.75889969E+03           1.39794004E-03          11.2897301E+03 
                   7.76295042E+03           1.40807021E-03          11.2926359E+03 
                   7.7670002E+03            1.4181999E-03           11.2953453E+03 
                   7.77104998E+03           1.42832983E-03          11.2978659E+03 
                   7.77510023E+03           1.43845999E-03          11.3002033E+03 
                   7.77915001E+03           1.44859016E-03          11.3023653E+03 
                   7.78320026E+03           1.45871961E-03          11.3043451E+03 
                   7.78725004E+03           1.46884978E-03          11.3056517E+03 
                   7.79129982E+03           1.47897995E-03          11.3026524E+03 
                   7.79535007E+03           1.48911023E-03          11.2887688E+03 
                   7.79939985E+03           1.4992398E-03            9.32951355E+03
                   7.80345011E+03           1.50936985E-03           9.40432739E+03
                   7.80749989E+03           1.51950014E-03           9.47772598E+03
                   7.81154966E+03           1.52963018E-03           9.5497942E+03 
                   7.81559992E+03           1.53975976E-03           9.62030792E+03
                   7.8196497E+03            1.5498898E-03            9.68925381E+03
                   7.82370043E+03           1.56002009E-03           9.75636101E+03
                   7.82775021E+03           1.57015014E-03           9.82147503E+03
                   7.83179998E+03           1.58027959E-03           9.88418293E+03
                   7.83585024E+03           1.59040964E-03           9.94427109E+03
                   7.83990002E+03           1.60054016E-03          10.0016689E+03 
                   7.84395027E+03           1.61067009E-03          10.0562487E+03 
                   7.84800005E+03           1.62079954E-03          10.1080923E+03 
                   7.85204983E+03           1.63092959E-03          10.1575289E+03 
                   7.85610008E+03           1.64106011E-03          10.2048521E+03 
                   7.86014986E+03           1.65119016E-03          10.2505693E+03 
                   7.86420012E+03           1.66131949E-03          10.294899E+03  
                   7.86824989E+03           1.67144966E-03          10.337863E+03  
                   7.87229967E+03           1.68158019E-03          10.3789864E+03 
                   7.87634993E+03           1.69171011E-03          10.4178314E+03 
                   7.8803997E+03            1.70183945E-03          10.4545202E+03 
                   7.88444996E+03           1.71196961E-03          10.489068E+03  
                   7.88850021E+03           1.72210014E-03          10.5217962E+03 
                   7.89254999E+03           1.73223007E-03          10.5528154E+03 
                   7.89660025E+03           1.74235952E-03          10.5821886E+03 
                   7.90065002E+03           1.75248945E-03          10.6097746E+03 
                   7.90470028E+03           1.76262021E-03          10.6354151E+03 
                   7.90875006E+03           1.77275002E-03          10.6591692E+03 
                   7.91279984E+03           1.78287947E-03          10.6812344E+03 
                   7.91685009E+03           1.79300952E-03          10.7016888E+03 
                   7.92089987E+03           1.80314016E-03          10.7206345E+03 
                   7.92495012E+03           1.81327009E-03          10.7378635E+03 
                   7.9289999E+03            1.82339942E-03          10.7532892E+03 
                   7.93304968E+03           1.83352947E-03          10.7672377E+03 
                   7.93709993E+03           1.84366024E-03          10.7798996E+03 
                   7.94114971E+03           1.85379004E-03          10.7913008E+03 
                   7.94519997E+03           1.86391938E-03          10.8014193E+03 
                   7.94925022E+03           1.87404943E-03          10.8104134E+03 
                   7.9533E+03               1.88418019E-03          10.8183813E+03 
                   7.95735025E+03           1.89431E-03             10.8252735E+03 
                   7.96140003E+03           1.90443945E-03          10.8311386E+03 
                   7.96545029E+03           1.91456938E-03          10.8360987E+03 
                   7.96950006E+03           1.92470026E-03          10.8401861E+03 
                   7.97354984E+03           1.93482995E-03          10.8433485E+03 
                   7.9776001E+03            1.9449594E-03           10.8456488E+03 
                   7.98164988E+03           1.95509076E-03          10.8472185E+03 
                   7.98570013E+03           1.96522081E-03          10.8482628E+03 
                   7.98974991E+03           1.97535014E-03          10.848567E+03  
                   7.99379969E+03           1.98547935E-03          10.8481026E+03 
                   7.99784994E+03           1.9956094E-03           10.8466349E+03 
                   8.00189972E+03           2.00574088E-03          10.8443384E+03 
                   8.00594997E+03           2.01587009E-03          10.8426199E+03 
                   8.01000023E+03           2.02599931E-03          10.8397923E+03 




