1.0000, 0.1
0.9769,	0.2
0.9646,	0.3
0.9557,	0.4
0.9490,	0.5
0.9436,	0.6
0.9390,	0.7
0.9353,	0.8
0.9319,	0.9
0.9296,	1
0.9110,	2
0.9024,	3
0.8965,	4
0.8924,	5
0.8884,	6
0.8858,	7
0.8833,	8
0.8816,	9
0.8794,	10
0.8663,	20
0.8596,	30
0.8542,	40
0.8508,	50
0.8477,	60
0.8449,	70
0.8431,	80
0.8413,	90
0.8399,	100
0.8291,	200
0.8227,	300
0.8182,	400
0.8147,	500
0.8118,	600
0.8096,	700
0.8079,	800
0.8063,	900
0.8053,	1000
0.7989,	1500
0.7952,	2000
0.7926,	2500
0.7901,	3000
0.7882,	3500
0.7869,	4000
0.7850,	4500
0.7838,	5000
0.7825,	5500
0.7816,	6000
0.7799,	6500
0.7791,	7000
0.7782,	7200
