
                     X                   displacement                force         

                   0.                       0.                      -0.            
                   1.44000006E+03           0.                      -0.            
                   2.88000011E+03           0.                      -0.            
                   4.32000017E+03           0.                      -0.            
                   5.76000023E+03           0.                      -0.            
                   7.19999981E+03           0.                      -0.            
                   7.19999981E+03           0.                      -0.            
                   7.20674992E+03          16.8799953E-06          236.804077      
                   7.21350002E+03          33.7599907E-06          473.570221      
                   7.22025013E+03          50.6400032E-06          710.298523      
                   7.22700024E+03          67.5199814E-06          946.989014      
                   7.23374987E+03          84.3999786E-06            1.18364191E+03
                   7.24049997E+03         101.280006E-06             1.42025673E+03
                   7.24725008E+03         118.159981E-06             1.65683401E+03
                   7.25400019E+03         135.039963E-06             1.89337313E+03
                   7.26074982E+03         151.919968E-06             2.12987447E+03
                   7.26749992E+03         168.799957E-06             2.36633849E+03
                   7.27425003E+03         185.680069E-06             2.60276437E+03
                   7.28100014E+03         202.560013E-06             2.83915162E+03
                   7.28774977E+03         219.440063E-06             3.07550216E+03
                   7.29449987E+03         236.319962E-06             3.31181598E+03
                   7.30124998E+03         253.200027E-06             3.54809022E+03
                   7.30800009E+03         270.079926E-06             3.78432798E+03
                   7.31475019E+03         286.959991E-06             4.02052689E+03
                   7.32149982E+03         303.839935E-06             4.25668859E+03
                   7.32824993E+03         320.719971E-06             4.49281263E+03
                   7.33500004E+03         337.599915E-06             4.728899E+03  
                   7.34175014E+03         354.480011E-06             4.9649477E+03 
                   7.34849977E+03         371.360138E-06             5.20095778E+03
                   7.35524988E+03         388.240112E-06             5.43693161E+03
                   7.36199999E+03         405.120026E-06             5.67286777E+03
                   7.3687501E+03          422.E-06                   5.90876532E+03
                   7.3755002E+03          438.880127E-06             6.14462662E+03
                   7.38224983E+03         455.760132E-06             6.38044882E+03
                   7.38899994E+03         472.639923E-06             6.6162343E+03 
                   7.39575005E+03         489.519958E-06             6.85198069E+03
                   7.40250015E+03         506.400055E-06             7.08768988E+03
                   7.40924978E+03         523.280151E-06             7.32321596E+03
                   7.41599989E+03         540.159851E-06             7.5581975E+03 
                   7.42275E+03            557.039917E-06             7.79237795E+03
                   7.4295001E+03          573.919983E-06             8.02548695E+03
                   7.43625021E+03         590.80011E-06              8.25723553E+03
                   7.44299984E+03         607.679871E-06             8.4872303E+03 
                   7.44974995E+03         624.559875E-06             8.71490955E+03
                   7.45650005E+03         641.439941E-06             8.93932819E+03
                   7.46325016E+03         658.320068E-06             9.15833473E+03
                   7.46999979E+03         675.199829E-06             9.34174347E+03
                   7.4767499E+03          692.080017E-06             9.4721489E+03 
                   7.4835E+03             708.960022E-06             9.59138966E+03
                   7.49025011E+03         725.839966E-06             9.70366096E+03
                   7.49700022E+03         742.720276E-06             9.81048679E+03
                   7.50374985E+03         759.599854E-06             9.91171455E+03
                   7.51049995E+03         776.480225E-06            10.0050755E+03 
                   7.51725006E+03         793.360107E-06            10.086587E+03  
                   7.52400017E+03         810.240051E-06            10.1605864E+03 
                   7.5307498E+03          827.120117E-06            10.2300968E+03 
                   7.5374999E+03          844.E-06                  10.2963924E+03 
                   7.54425001E+03         860.879822E-06            10.3601151E+03 
                   7.55100012E+03         877.760254E-06            10.4187775E+03 
                   7.55775023E+03         894.639709E-06            10.4695892E+03 
                   7.56449986E+03         911.520264E-06            10.5124578E+03 
                   7.57124996E+03         928.400024E-06            10.5507278E+03 
                   7.57800007E+03         945.279846E-06            10.5836926E+03 
                   7.58475018E+03         962.160095E-06            10.6104679E+03 
                   7.59149981E+03         979.039917E-06            10.6323595E+03 
                   7.59824991E+03         995.919678E-06            10.6473083E+03 
                   7.60500002E+03           1.0128001E-03           10.6559563E+03 
                   7.61175013E+03           1.02967966E-03          10.6594028E+03 
                   7.61299992E+03           1.03280556E-03          10.6595297E+03 
                   7.61850023E+03           1.04656029E-03          10.657629E+03  
                   7.61899996E+03           1.04781044E-03          10.6572399E+03 
                   7.62524986E+03           1.06343997E-03          10.6499929E+03 
                   7.63199997E+03           1.08031976E-03          10.638134E+03  
                   7.63875008E+03           1.09720027E-03          10.6217747E+03 
                   7.64550018E+03           1.11407983E-03          10.60182E+03   
                   7.65224981E+03           1.13096035E-03          10.5784645E+03 
                   7.65899992E+03           1.14784002E-03          10.5522699E+03 
                   7.66575003E+03           1.16471994E-03          10.5233364E+03 
                   7.67250013E+03           1.18160021E-03          10.4919415E+03 
                   7.67924976E+03           1.19848001E-03          10.4581509E+03 
                   7.68599987E+03           1.21535969E-03          10.4220972E+03 
                   7.69274998E+03           1.2322402E-03           10.3837585E+03 
                   7.69950008E+03           1.24911976E-03          10.34307E+03   
                   7.70625019E+03           1.26600015E-03          10.3002291E+03 
                   7.71299982E+03           1.28287983E-03          10.2552462E+03 
                   7.71974993E+03           1.29975986E-03          10.2079096E+03 
                   7.72650003E+03           1.31664014E-03          10.1581354E+03 
                   7.73325014E+03           1.33351994E-03          10.1059618E+03 
                   7.73999977E+03           1.35039961E-03          10.0512695E+03 
                   7.74674988E+03           1.36727989E-03           9.99388981E+03
                   7.75349998E+03           1.38416004E-03           9.93375874E+03
                   7.76025009E+03           1.40104032E-03           9.87070656E+03
                   7.7670002E+03            1.41791999E-03           9.80458927E+03
                   7.77374983E+03           1.43479979E-03           9.73519897E+03
                   7.78049994E+03           1.45167994E-03           9.66235638E+03
                   7.78725004E+03           1.46856022E-03           9.5858326E+03 
                   7.79400015E+03           1.48544049E-03           9.50540161E+03
                   7.80074978E+03           1.50232005E-03           9.42076969E+03
                   7.80749989E+03           1.51919973E-03           9.33166218E+03
                   7.81424999E+03           1.53607988E-03           9.23776913E+03
                   7.8210001E+03            1.5529604E-03            9.13874531E+03
                   7.82775021E+03           1.56983995E-03           9.0342617E+03 
                   7.83449984E+03           1.58672023E-03           8.92402649E+03
                   7.84124994E+03           1.60359979E-03           8.80787563E+03
                   7.84800005E+03           1.62048006E-03           8.68580627E+03
                   7.85475016E+03           1.6373595E-03            8.55803585E+03
                   7.86149979E+03           1.65424025E-03           8.42503929E+03
                   7.86824989E+03           1.67112029E-03           8.28747845E+03
                   7.875E+03                1.68799996E-03           8.14614868E+03




