
                     X                   displacement                force         

                   7.19999981E+03           0.                      -0.            
                   7.2072401E+03           18.1100006E-06          257.896332      
                   7.21447992E+03          36.2200012E-06          515.792664      
                   7.22172022E+03          54.3299904E-06          773.689087      
                   7.22896004E+03          72.4400024E-06            1.0315851E+03 
                   7.23620033E+03          90.5500031E-06            1.28948081E+03
                   7.24344015E+03         108.659981E-06             1.54737592E+03
                   7.25067997E+03         126.770004E-06             1.80527067E+03
                   7.25791979E+03         144.880005E-06             2.06316423E+03
                   7.26516008E+03         162.990021E-06             2.32105732E+03
                   7.2723999E+03          181.100006E-06             2.57894921E+03
                   7.2796402E+03          199.20993E-06              2.83683991E+03
                   7.28688002E+03         217.319962E-06             3.09472942E+03
                   7.29412031E+03         235.429977E-06             3.3526175E+03 
                   7.30135965E+03         253.540009E-06             3.61050344E+03
                   7.30859995E+03         271.650024E-06             3.86838818E+03
                   7.31583977E+03         289.76001E-06              4.12627077E+03
                   7.32308006E+03         307.870056E-06             4.38410902E+03
                   7.33031988E+03         325.980042E-06             4.64184713E+03
                   7.33756018E+03         344.090088E-06             4.89947081E+03
                   7.3448E+03             362.200012E-06             5.15694571E+03
                   7.35203981E+03         380.31015E-06              5.41425848E+03
                   7.35927963E+03         398.419861E-06             5.67138529E+03
                   7.36651993E+03         416.53006E-06              5.92830658E+03
                   7.37375975E+03         434.639923E-06             6.1850028E+03 
                   7.38100004E+03         452.750092E-06             6.44145584E+03
                   7.38824034E+03         470.859955E-06             6.69763947E+03
                   7.39548016E+03         488.970184E-06             6.95351934E+03
                   7.40272045E+03         507.080017E-06             7.20907021E+03
                   7.40995979E+03         525.189819E-06             7.4642415E+03 
                   7.41720009E+03         543.300049E-06             7.71898365E+03
                   7.42443991E+03         561.409912E-06             7.9732275E+03 
                   7.4316802E+03          579.52002E-06              8.22687626E+03
                   7.43892002E+03         597.629883E-06             8.47979069E+03
                   7.44616032E+03         615.740112E-06             8.73164368E+03
                   7.45340014E+03         633.849915E-06             8.98135376E+03
                   7.46063995E+03         651.960083E-06             9.22737217E+03
                   7.46787977E+03         670.069885E-06             9.46798038E+03
                   7.47512007E+03         688.180176E-06             9.69841671E+03
                   7.48235989E+03         706.290039E-06             9.8865633E+03 
                   7.48960018E+03         724.400024E-06            10.0482807E+03 
                   7.49684E+03            742.51001E-06             10.1963625E+03 
                   7.5040803E+03          760.6203E-06              10.3338852E+03 
                   7.51131964E+03         778.730286E-06            10.4636059E+03 
                   7.51855993E+03         796.839722E-06            10.5844183E+03 
                   7.52579975E+03         814.950073E-06            10.6963482E+03 
                   7.53304005E+03         833.06012E-06             10.8006163E+03 
                   7.54027987E+03         851.169861E-06            10.8968668E+03 
                   7.54752016E+03         869.279846E-06            10.9873352E+03 
                   7.55475998E+03         887.390198E-06            11.0720768E+03 
                   7.5619998E+03          905.500183E-06            11.1516447E+03 
                   7.56924009E+03         923.609863E-06            11.2264357E+03 
                   7.57647991E+03         941.71991E-06             11.2964535E+03 
                   7.58372021E+03         959.8302E-06              11.3614111E+03 
                   7.59096003E+03         977.940369E-06            11.4207087E+03 
                   7.59820032E+03         996.049561E-06            11.4751167E+03 
                   7.60544014E+03           1.01416004E-03          11.5255718E+03 
                   7.61267996E+03           1.03227043E-03          11.5722036E+03 
                   7.61991978E+03           1.05037963E-03          11.6150885E+03 
                   7.62716007E+03           1.06848979E-03          11.6542511E+03 
                   7.63439989E+03           1.08660007E-03          11.690362E+03  
                   7.64164019E+03           1.10471022E-03          11.7237873E+03 
                   7.64888E+03              1.12281978E-03          11.754528E+03  
                   7.6561203E+03            1.14092982E-03          11.782856E+03  
                   7.66335964E+03           1.15904009E-03          11.8091097E+03 
                   7.67059994E+03           1.17715037E-03          11.8334131E+03 
                   7.67783976E+03           1.19525981E-03          11.8558989E+03 
                   7.68508005E+03           1.21337008E-03          11.8767281E+03 
                   7.69231987E+03           1.23148024E-03          11.8960466E+03 
                   7.69956017E+03           1.24958944E-03          11.9139462E+03 
                   7.70679998E+03           1.26769984E-03          11.9305182E+03 
                   7.7140398E+03            1.28580999E-03          11.9458961E+03 
                   7.7212801E+03            1.30392015E-03          11.9601593E+03 
                   7.72851992E+03           1.32202971E-03          11.973341E+03  
                   7.73575974E+03           1.34013975E-03          11.9854946E+03 
                   7.74300003E+03           1.35824978E-03          11.9966612E+03 
                   7.75024033E+03           1.3763603E-03           12.0068598E+03 
                   7.75748014E+03           1.39446974E-03          12.016119E+03  
                   7.76471996E+03           1.41258013E-03          12.0244598E+03 
                   7.77195978E+03           1.43069017E-03          12.0318823E+03 
                   7.77920008E+03           1.44880009E-03          12.0383844E+03 
                   7.7864399E+03            1.46691E-03             12.0439787E+03 
                   7.79368019E+03           1.48502004E-03          12.0486546E+03 
                   7.80092001E+03           1.50312984E-03          12.0523949E+03 
                   7.80816031E+03           1.52124059E-03          12.0551996E+03 
                   7.81540012E+03           1.53934968E-03          12.0570564E+03 
                   7.82263994E+03           1.55746055E-03          12.0579529E+03 
                   7.82987976E+03           1.57557034E-03          12.0578642E+03 
                   7.83712006E+03           1.59367943E-03          12.0567532E+03 
                   7.84435987E+03           1.6117903E-03           12.0543661E+03 
                   7.85160017E+03           1.6299001E-03           12.0507507E+03 
                   7.85883999E+03           1.64800978E-03          12.0458126E+03 
                   7.86608028E+03           1.66612029E-03          12.0396624E+03 
                   7.87331963E+03           1.68422997E-03          12.0332279E+03 
                   7.88055992E+03           1.70233977E-03          12.0255089E+03 
                   7.88779974E+03           1.72045064E-03          12.0159636E+03 
                   7.89504004E+03           1.73855972E-03          12.0050488E+03 
                   7.90228033E+03           1.75666952E-03          11.9924612E+03 
                   7.90952015E+03           1.77478039E-03          11.9774876E+03 
                   7.91675997E+03           1.79288936E-03          11.954607E+03  
                   7.92399979E+03           1.81100035E-03          11.8583927E+03 




