
                     X                  AVERAGE_UVARM1           AVERAGE_UVARM2           AVERAGE_UVARM3           AVERAGE_UVARM4           AVERAGE_UVARM5           AVERAGE_UVARM6           AVERAGE_UVARM7           AVERAGE_UVARM8           AVERAGE_UVARM9          AVERAGE_UVARM10    

                   1.79999995E+03           0.                       0.                       0.                       0.                       0.                       0.                       0.                      10.1140442                8.55126095               1.56278229    
                   1.80514002E+03           0.                      12.3235044E+06           35.8660583E+06           18.0054379E+06           36.2336006E+06          343.69278E-03            986.724365E-03            10.1154976                8.55251026               1.56298971    
                   1.81028008E+03           0.                      24.6447411E+06           71.7260437E+06           36.0077095E+06           72.4608765E+06          343.690002E-03           986.735596E-03            10.1170073                8.55380249               1.56320453    
                   1.81542003E+03           0.                      36.9636841E+06          107.579987E+06            54.0068321E+06          108.681862E+06           343.687317E-03           986.746582E-03            10.118557                 8.55513382               1.56342542    
                   1.8205601E+03            0.                      49.2803612E+06          143.427856E+06            72.0027924E+06          144.896515E+06           343.68457E-03            986.757751E-03            10.1201439                8.55649376               1.56365144    
                   1.82569993E+03           0.                      61.5947838E+06          179.269638E+06            89.9955673E+06          181.104843E+06           343.681885E-03           986.76886E-03             10.1217594                8.55787945               1.56388175    
                   1.83083999E+03           0.                      73.9069214E+06          215.105423E+06           107.985229E+06           217.306885E+06           343.679169E-03           986.779968E-03            10.1234016                8.55928516               1.56411552    
                   1.83597994E+03           0.                      86.2167969E+06          250.935196E+06           125.971718E+06           253.502655E+06           343.676453E-03           986.791199E-03            10.1250591                8.56070805               1.56435192    
                   1.84112E+03              0.                      98.5243835E+06          286.75885E+06            143.955048E+06           289.692169E+06           343.673737E-03           986.802185E-03            10.1267347                8.56214428               1.56459069    
                   1.84625995E+03           0.                     110.82975E+06            322.576477E+06           161.935242E+06           325.875244E+06           343.671051E-03           986.813171E-03            10.1284208                8.56359196               1.56483114    
                   1.85140002E+03           0.                     123.132797E+06           358.388092E+06           179.912292E+06           362.052216E+06           343.668396E-03           986.82428E-03             10.1301193                8.56504822               1.56507289    
                   1.85654008E+03           0.                     135.433685E+06           394.193665E+06           197.886215E+06           398.222778E+06           343.665588E-03           986.835449E-03            10.1318264                8.5665102                1.5653162     
                   1.86168003E+03           0.                     147.732224E+06           429.993286E+06           215.856964E+06           434.387085E+06           343.662964E-03           986.846436E-03            10.1335392                8.56797886               1.56555998    
                   1.86681998E+03           0.                     160.028473E+06           465.786774E+06           233.824585E+06           470.545166E+06           343.660278E-03           986.8573E-03              10.1352558                8.56945133               1.5658046     
                   1.87195992E+03           0.                     172.322525E+06           501.57431E+06            251.789032E+06           506.697021E+06           343.657532E-03           986.868469E-03            10.1369743                8.57092571               1.5660497     
                   1.87709999E+03           0.                     184.614365E+06           537.355774E+06           269.750397E+06           542.84259E+06            343.654877E-03           986.879517E-03            10.1386948                8.57240009               1.56629491    
                   1.88223994E+03           0.                     196.903839E+06           573.131287E+06           287.708527E+06           578.981812E+06           343.65213E-03            986.890503E-03            10.1404181                8.57387829               1.56654012    
                   1.88738E+03              0.                     209.191177E+06           608.900696E+06           305.663696E+06           615.114807E+06           343.649475E-03           986.90155E-03             10.1421404                8.57535458               1.56678557    
                   1.89252007E+03           0.                     221.476074E+06           644.664246E+06           323.615662E+06           651.241577E+06           343.646729E-03           986.912415E-03            10.1438618                8.57683182               1.56703079    
                   1.89766002E+03           0.                     233.758881E+06           680.421692E+06           341.564362E+06           687.362061E+06           343.644104E-03           986.923584E-03            10.1455822                8.57830715               1.56727612    
                   1.90280008E+03           0.                     246.039505E+06           716.173035E+06           359.510132E+06           723.47644E+06            343.641357E-03           986.934387E-03            10.1473017                8.57978153               1.5675211     
                   1.90793991E+03           0.                     258.317749E+06           751.918457E+06           377.452728E+06           759.584412E+06           343.638672E-03           986.945496E-03            10.1490183                8.58125401               1.56776536    
                   1.91307998E+03           0.                     270.593781E+06           787.658203E+06           395.392151E+06           795.686096E+06           343.636017E-03           986.956421E-03            10.1507301                8.58272171               1.56800938    
                   1.91821992E+03           0.                     282.867584E+06           823.391602E+06           413.328491E+06           831.781616E+06           343.633331E-03           986.967346E-03            10.1524401                8.58418846               1.56825328    
                   1.92335999E+03           5.41702032E-06         295.142029E+06           858.4599E+06             430.884735E+06           867.435181E+06           343.883331E-03           987.343628E-03            10.1541729                8.58565235               1.56852031    
                   1.92850006E+03         120.276932E-06           303.698059E+06           876.074463E+06           438.615295E+06           887.745605E+06           346.660034E-03           996.368591E-03            10.156333                 8.58707905               1.56925559    
                   1.93364E+03            307.447449E-06           308.916626E+06           882.065735E+06           442.130646E+06           896.954224E+06           350.22052E-03            992.021118E-03            10.1587992                8.58850098               1.57029903    
                   1.93878007E+03         524.869934E-06           313.151855E+06           886.903564E+06           445.779816E+06           904.395081E+06           353.085327E-03           982.642334E-03            10.1612167                8.58977032               1.57144785    
                   1.94392002E+03         768.150269E-06           316.272369E+06           891.487976E+06           448.821381E+06           910.553162E+06           354.769714E-03           977.068726E-03            10.1627464                8.59018326               1.57256532    
                   1.94906008E+03           1.03025484E-03         318.407654E+06           895.86615E+06            451.31369E+06            915.597717E+06           355.419586E-03           974.924866E-03            10.1639338                8.5902319                1.57370365    
                   1.95419991E+03           1.31507111E-03         319.508606E+06           900.070557E+06           453.247253E+06           919.506592E+06           354.9823E-03             976.390381E-03            10.1651373                8.59020996               1.5749284     
                   1.95933998E+03           1.61637795E-03         319.916931E+06           904.46814E+06            454.908417E+06           922.860596E+06           353.708008E-03           980.681396E-03            10.1663227                8.59011269               1.57621133    
                   1.96447992E+03           1.93269205E-03         319.738831E+06           909.067505E+06           456.387787E+06           925.765381E+06           351.722382E-03           987.341309E-03            10.1674767                8.58993244               1.57754517    
                   1.96961999E+03           2.26725912E-03         319.130768E+06           913.395691E+06           457.94754E+06            928.053223E+06           349.389893E-03           992.720032E-03            10.1686077                8.58966732               1.57894337    
                   1.97476006E+03           2.61638498E-03         318.24295E+06            917.744568E+06           460.183228E+06           930.064087E+06           346.766937E-03           992.307861E-03            10.1697311                8.58933735               1.58039343    
                   1.9799E+03               2.97957587E-03         317.245911E+06           922.219421E+06           463.166046E+06           932.03595E+06            344.003204E-03           986.466858E-03            10.1708345                8.58894157               1.58189297    
                   1.98504007E+03           3.35748887E-03         316.183044E+06           926.503479E+06           466.489288E+06           933.800598E+06           341.265228E-03           977.317322E-03            10.171936                 8.58849144               1.58344626    
                   1.9901799E+03            3.74844337E-03         315.195587E+06           930.856995E+06           469.866486E+06           935.674255E+06           338.608521E-03           968.459717E-03            10.1730633                8.58801365               1.58505154    
                   1.99532008E+03           4.15233564E-03         314.33844E+06            935.202148E+06           473.177307E+06           937.662964E+06           336.118713E-03           960.171936E-03            10.1742287                8.58751869               1.58670938    
                   2.00045991E+03           4.56963634E-03         313.626923E+06           939.431458E+06           476.329071E+06           939.714478E+06           333.848114E-03           952.678101E-03            10.1754484                8.58702564               1.58842516    
                   2.00559998E+03           4.99892282E-03         313.135712E+06           943.736633E+06           479.419373E+06           942.034058E+06           331.804596E-03           945.95636E-03             10.1767473                8.58655262               1.59019554    
                   2.01074004E+03           5.44152737E-03         312.832855E+06           947.90387E+06            482.318024E+06           944.451416E+06           330.026428E-03           940.160461E-03            10.1781292                8.58610439               1.59202731    
                   2.01588011E+03           5.8961792E-03          312.76532E+06            952.131409E+06           485.138916E+06           947.148071E+06           328.490143E-03           935.194519E-03            10.1796131                8.58569717               1.59391797    
                   2.02101994E+03           6.36459875E-03         312.913696E+06           956.238037E+06           487.776428E+06           949.985779E+06           327.234436E-03           931.151489E-03            10.1812077                8.58533382               1.59587502    
                   2.02616E+03              6.84586954E-03         313.2771E+06             960.376404E+06           490.327789E+06           953.066589E+06           326.20282E-03            927.887573E-03            10.1829157                8.58502293               1.5978961     
                   2.03130007E+03           7.34161901E-03         313.852417E+06           964.424438E+06           492.72168E+06            956.3078E+06             325.430206E-03           925.463867E-03            10.1847506                8.58476353               1.59998846    
                   2.0364399E+03            7.85177565E-03         314.632935E+06           968.490356E+06           495.027649E+06           959.775208E+06           324.869843E-03           923.77063E-03             10.1867104                8.58456039               1.60215175    
                   2.04157996E+03           8.37852097E-03         315.615051E+06           972.47522E+06            497.190033E+06           963.399597E+06           324.548492E-03           922.838318E-03            10.1888046                8.58440971               1.60439587    
                   2.04672003E+03           8.92246914E-03         316.79657E+06            976.488953E+06           499.277618E+06           967.251587E+06           324.424377E-03           922.569275E-03            10.1910343                8.58431244               1.60672283    
                   2.05186009E+03           9.48698711E-03         318.170227E+06           980.43634E+06            501.234528E+06           971.261047E+06           324.519501E-03           923.004639E-03            10.193409                 8.5842638                1.60914683    
                   2.05699992E+03          10.0763178E-03          319.748444E+06           984.275696E+06           503.038269E+06           975.412964E+06           324.856689E-03           924.147217E-03            10.1959438                8.58425999               1.61168551    
                   2.06214023E+03          10.7016668E-03          321.374634E+06           987.377991E+06           504.332733E+06           979.134033E+06           325.483063E-03           926.23468E-03             10.1986694                8.58428669               1.61438417    
                   2.06728005E+03          11.368844E-03           323.220428E+06           990.61499E+06            505.61438E+06            983.171387E+06           326.282745E-03           928.889648E-03            10.2015963                8.58433056               1.6172663     
                   2.07241988E+03          12.0951529E-03          325.349945E+06           994.139038E+06           506.960632E+06           987.689209E+06           327.26825E-03            932.102966E-03            10.2047453                8.58434772               1.62039864    
                   2.07755995E+03          13.0585775E-03          328.601501E+06           998.813171E+06           508.548553E+06           994.121765E+06           328.992157E-03           937.712341E-03            10.2085857                8.5840826                1.62450409    
                   2.08270001E+03          14.7166376E-03          333.907471E+06             1.00685787E+09         511.390137E+06             1.00488019E+09         331.633301E-03           946.439636E-03            10.2143173                8.58288002               1.63144028    
                   2.08784008E+03          16.8498936E-03          338.823975E+06             1.01720798E+09         515.915161E+06             1.01674128E+09         333.092529E-03           951.46283E-03             10.2215376                8.58119965               1.64033842    
                   2.09297991E+03          19.2578678E-03          342.840057E+06             1.02889109E+09         521.732361E+06             1.02854979E+09         333.213684E-03           952.20874E-03             10.2296982                8.57931614               1.65038049    
                   2.09812021E+03          21.8477097E-03          345.598785E+06             1.03729045E+09         526.008789E+06             1.03690505E+09         333.174774E-03           952.095337E-03            10.2384949                8.57731628               1.66118062    
                   2.10326004E+03          24.6232662E-03          347.686249E+06             1.04449868E+09         529.785217E+06             1.04378927E+09         332.874054E-03           951.287781E-03            10.2478628                8.57512474               1.67274058    
                   2.10839987E+03          27.5291901E-03          349.296631E+06             1.05204558E+09         534.014526E+06             1.05040395E+09         332.016876E-03           948.630066E-03            10.2576151                8.57278538               1.684829      
                   2.11353993E+03          30.5448627E-03          350.758606E+06             1.05927134E+09         538.114685E+06             1.05665231E+09         331.131989E-03           945.778625E-03            10.2677517                8.57038212               1.69737148    
                   2.11868E+03             33.6997948E-03          351.733826E+06             1.06395543E+09         540.748901E+06             1.06073141E+09         330.590668E-03           944.10376E-03             10.2783661                8.56787872               1.7104876     
                   2.12382007E+03          36.981987E-03           352.55072E+06              1.06882882E+09         543.581909E+06             1.06476998E+09         329.847839E-03           941.769348E-03            10.2893639                8.56524467               1.72411931    
                   2.12895989E+03          40.4027901E-03          353.165283E+06             1.07366943E+09         546.501953E+06             1.06857491E+09         328.932983E-03           938.776184E-03            10.3008232                8.56250572               1.7383182     
                   2.1341002E+03           43.9888725E-03          353.336548E+06             1.07696927E+09         548.609375E+06             1.07091105E+09         328.08432E-03            935.983887E-03            10.3128262                8.55963326               1.75319362    
                   2.13924003E+03          47.7336388E-03          353.368256E+06             1.08040488E+09         550.863586E+06             1.07318914E+09         327.070404E-03           932.694763E-03            10.3253222                8.55661106               1.76871228    
                   2.14437985E+03          51.6381111E-03          353.230591E+06             1.08349979E+09         552.980347E+06             1.07506549E+09         326.008972E-03           929.177612E-03            10.3383369                8.55345917               1.78488016    
                   2.14951992E+03          55.7221909E-03          352.854919E+06             1.08603239E+09         554.828918E+06             1.07632434E+09         324.90271E-03            925.546021E-03            10.3519392                8.55016041               1.80177915    
                   2.15465999E+03          59.9821587E-03          352.414978E+06             1.08863115E+09         556.748352E+06             1.07755709E+09         323.723206E-03           921.675842E-03            10.3661003                8.54671097               1.81938982    
                   2.15980005E+03          64.4833374E-03          351.805908E+06             1.09074199E+09         558.42627E+06              1.0782913E+09          322.538177E-03           917.754944E-03            10.3810081                8.5430336                1.83797514    
                   2.16000009E+03          64.6646194E-03          351.771057E+06             1.09082508E+09         558.497192E+06             1.07830858E+09         322.481689E-03           917.567749E-03            10.3816061                8.54288578               1.83872354    




