
                     X                  AVERAGE_UVARM1           AVERAGE_UVARM2           AVERAGE_UVARM3           AVERAGE_UVARM4           AVERAGE_UVARM5           AVERAGE_UVARM6           AVERAGE_UVARM7           AVERAGE_UVARM8           AVERAGE_UVARM9          AVERAGE_UVARM10    

                   1.79999995E+03           0.                       0.                       0.                       0.                       0.                       0.                       0.                      10.1744547                8.60306549               1.57139039    
                   1.80604005E+03           0.                      15.9604187E+06           46.5492134E+06           23.3482437E+06           46.9927521E+06          342.892914E-03           989.73291E-03             10.1750278                8.60355759               1.57147205    
                   1.81207991E+03           0.                      31.9163895E+06           93.0859985E+06           46.6903381E+06           93.9727631E+06          342.890839E-03           989.727173E-03            10.1757975                8.60421562               1.57158172    
                   1.81812E+03              0.                      47.8679314E+06          139.610397E+06            70.0262909E+06          140.940063E+06           342.888733E-03           989.721069E-03            10.1766357                8.60493565               1.57170117    
                   1.82415998E+03           0.                      63.8150139E+06          186.122391E+06            93.3561096E+06          187.894623E+06           342.886627E-03           989.715088E-03            10.1775026                8.60568047               1.57182479    
                   1.83019996E+03           0.                      79.757637E+06           232.621979E+06           116.679779E+06           234.836533E+06           342.884583E-03           989.709045E-03            10.1783848                8.60643482               1.5719502     
                   1.83623993E+03           0.                      95.6958618E+06          279.109222E+06           139.997345E+06           281.765747E+06           342.882477E-03           989.703125E-03            10.1792707                8.60719395               1.57207644    
                   1.84228003E+03           0.                     111.629631E+06           325.584045E+06           163.308762E+06           328.682251E+06           342.880402E-03           989.697327E-03            10.1801586                8.60795403               1.57220292    
                   1.84831989E+03           0.                     127.558922E+06           372.0466E+06             186.614075E+06           375.586182E+06           342.878326E-03           989.691223E-03            10.1810455                8.60871506               1.5723294     
                   1.85435998E+03           0.                     143.483917E+06           418.496796E+06           209.913284E+06           422.477356E+06           342.876251E-03           989.685303E-03            10.1819296                8.60947514               1.57245564    
                   1.86040008E+03           0.                     159.404388E+06           464.934601E+06           233.206406E+06           469.355896E+06           342.874084E-03           989.679382E-03            10.1828127                8.6102314                1.57258117    
                   1.86643994E+03           0.                     175.320496E+06           511.360107E+06           256.493378E+06           516.221863E+06           342.872009E-03           989.673401E-03            10.183692                 8.61098576               1.57270634    
                   1.87248003E+03           0.                     191.232086E+06           557.773376E+06           279.774323E+06           563.075195E+06           342.869934E-03           989.667542E-03            10.1845684                8.6117382                1.57283151    
                   1.87852001E+03           0.                     207.13942E+06            604.174194E+06           303.049103E+06           609.915894E+06           342.867828E-03           989.661682E-03            10.1854391                8.61248589               1.57295549    
                   1.88456011E+03           0.                     223.042221E+06           650.562805E+06           326.317841E+06           656.74408E+06            342.865723E-03           989.655762E-03            10.1863079                8.61322975               1.57307935    
                   1.89059997E+03           0.                     238.94075E+06            696.939148E+06           349.580536E+06           703.55957E+06            342.863708E-03           989.649902E-03            10.1871719                8.61397076               1.57320249    
                   1.89664006E+03           0.                     254.834778E+06           743.303345E+06           372.837036E+06           750.362488E+06           342.861725E-03           989.643982E-03            10.1880331                8.6147089                1.57332516    
                   1.90268004E+03           0.                     270.724365E+06           789.65509E+06            396.087555E+06           797.152954E+06           342.859528E-03           989.638245E-03            10.1888885                8.61544228               1.57344699    
                   1.90872002E+03           0.                     286.609711E+06           835.994812E+06           419.332031E+06           843.930664E+06           342.857513E-03           989.632324E-03            10.1897411                8.61617184               1.57356822    
                   1.91475999E+03          51.4970856E-06          300.75531E+06            873.193359E+06           438.637054E+06           882.864624E+06           344.432007E-03           984.603088E-03            10.1908045                8.61689281               1.57391095    
                   1.92080009E+03         273.422272E-06           308.391632E+06           881.225952E+06           445.095276E+06           895.781189E+06           349.957672E-03           965.897705E-03            10.1935263                8.61840439               1.57512212    
                   1.92683995E+03         537.962219E-06           315.055084E+06           887.171326E+06           450.31311E+06            906.288513E+06           355.123413E-03           948.687195E-03            10.1940346                8.61785889               1.57617569    
                   1.93288004E+03         839.579895E-06           320.6362E+06             892.763489E+06           454.885132E+06           915.467651E+06           359.15036E-03            935.117554E-03            10.1944141                8.61706638               1.57734787    
                   1.93892002E+03           1.17697084E-03         324.734802E+06           898.055054E+06           458.636963E+06           922.997742E+06           361.598022E-03           926.822571E-03            10.1953773                8.61664104               1.57873595    
                   1.94496E+03              1.54720998E-03         327.338196E+06           903.458496E+06           461.713806E+06           929.170044E+06           362.316986E-03           924.348206E-03            10.19662                  8.61633301               1.58028543    
                   1.95099998E+03           1.94625115E-03         328.571899E+06           909.282288E+06           464.283875E+06           934.322144E+06           361.353088E-03           927.554626E-03            10.1979542                8.61599731               1.5819546     
                   1.95704007E+03           2.37777591E-03         328.509125E+06           914.7724E+06             466.124969E+06           938.002197E+06           359.115723E-03           935.038635E-03            10.1993818                8.61562443               1.58375788    
                   1.96307993E+03           2.83706164E-03         327.476288E+06           920.493347E+06           467.576385E+06           940.892517E+06           355.76181E-03            946.260742E-03            10.2008448                8.61517429               1.58566833    
                   1.96912003E+03           3.32525349E-03         325.678711E+06           926.144775E+06           468.63443E+06            942.968811E+06           351.649811E-03           959.970093E-03            10.2023525                8.61466026               1.58769274    
                   1.97516E+03              3.84087086E-03         323.37558E+06            931.88623E+06            469.491608E+06           944.576904E+06           347.011871E-03           975.375305E-03            10.2039442                8.61411381               1.58983004    
                   1.98119998E+03           4.38426352E-03         320.763763E+06           937.552734E+06           470.359528E+06           945.78717E+06            342.128693E-03           991.509766E-03            10.2056065                8.61352634               1.59208       
                   1.98723996E+03           4.95395756E-03         318.060577E+06           943.326111E+06           473.225739E+06           946.933533E+06           337.16922E-03            992.168579E-03            10.2073927                8.61294842               1.59444499    
                   1.99328005E+03           5.55187893E-03         315.397369E+06           948.931152E+06           477.972931E+06           947.963867E+06           332.371124E-03           976.472412E-03            10.2093143                8.61238098               1.5969336     
                   1.99932003E+03           6.17658472E-03         312.937317E+06           954.62146E+06            482.856293E+06           949.216797E+06           327.81308E-03            961.634033E-03            10.2113972                8.6118536                1.59954417    
                   2.00535989E+03           6.82964468E-03         310.764069E+06           960.236816E+06           487.55368E+06            950.678955E+06           323.632843E-03           948.085815E-03            10.2136812                8.61139393               1.60228848    
                   2.01139998E+03           7.51216745E-03         308.967163E+06           965.783691E+06           492.012268E+06           952.456055E+06           319.913483E-03           936.088196E-03            10.2161436                8.61097717               1.60516703    
                   2.01743984E+03           8.22502041E-03         307.626312E+06           971.338318E+06           496.249176E+06           954.68988E+06            316.703583E-03           925.776306E-03            10.2188263                8.61063766               1.60818994    
                   2.02347994E+03           8.97050476E-03         306.786346E+06           976.856079E+06           500.22052E+06            957.407288E+06           314.054901E-03           917.306885E-03            10.2217512                8.61038399               1.61136806    
                   2.02952003E+03           9.75243187E-03         306.509125E+06           982.266479E+06           503.862793E+06           960.635315E+06           312.042816E-03           910.888977E-03            10.2249031                8.61018944               1.61471343    
                   2.03556013E+03          10.5826263E-03          306.741364E+06           986.800415E+06           506.700165E+06           963.825073E+06           310.844482E-03           907.113342E-03            10.2283516                8.61007214               1.61828005    
                   2.04159999E+03          11.4694586E-03          307.698456E+06           991.10321E+06            509.067902E+06           967.627747E+06           310.460541E-03           905.933044E-03            10.2321177                8.61001492               1.62210214    
                   2.04764009E+03          12.4362535E-03          309.818695E+06           995.793945E+06           511.174225E+06           972.90863E+06            311.12735E-03            908.122009E-03            10.236268                 8.60999298               1.62627542    
                   2.05367994E+03          13.5275421E-03          313.337189E+06             1.00108862E+09         513.053284E+06           980.051392E+06           312.996399E-03           914.162048E-03            10.2410431                8.61004162               1.63099933    
                   2.05972004E+03          14.7678604E-03          317.653839E+06             1.00710642E+09         515.041138E+06           988.493713E+06           315.412537E-03           921.965759E-03            10.2465649                8.61018181               1.6363827     
                   2.0657599E+03           16.1854992E-03          322.15741E+06              1.01398444E+09         517.498657E+06           997.681213E+06           317.714325E-03           929.41449E-03             10.252883                 8.61034679               1.64253688    
                   2.07179999E+03          17.8265171E-03          326.543762E+06             1.02194631E+09         520.712097E+06             1.00744653E+09         319.531311E-03           935.311951E-03            10.2600441                8.61040592               1.6496377     
                   2.07784009E+03          19.8153191E-03          330.929443E+06             1.03159571E+09         525.027893E+06             1.01830983E+09         320.793884E-03           939.4328E-03              10.2683716                8.6101799                1.65819168    
                   2.08387995E+03          23.068346E-03           336.196136E+06             1.04046035E+09         528.413635E+06             1.0295651E+09          323.122437E-03           947.068298E-03            10.2806854                8.60870075               1.67198527    
                   2.08991981E+03          27.6673279E-03          341.425964E+06             1.05240428E+09         533.829773E+06             1.04279649E+09         324.424774E-03           951.423523E-03            10.2973709                8.60599995               1.69136858    
                   2.0959599E+03           33.0455513E-03          344.552826E+06             1.06298423E+09         539.319641E+06             1.05296648E+09         324.137238E-03           950.638245E-03            10.3171692                8.60309982               1.71406817    
                   2.102E+03               39.0520668E-03          345.712921E+06             1.07190239E+09         544.628357E+06             1.0600177E+09          322.522827E-03           945.53064E-03             10.3393021                8.59989452               1.73940754    
                   2.10804009E+03          45.6206017E-03          345.708282E+06             1.07846642E+09         548.919922E+06             1.06431639E+09         320.555573E-03           939.300293E-03            10.3636398                8.59652042               1.76712108    
                   2.11408019E+03          52.7124214E-03          345.13504E+06              1.08416605E+09         552.900146E+06             1.06745124E+09         318.341583E-03           932.267395E-03            10.3900089                8.59297371               1.79703629    
                   2.12012005E+03          60.3666687E-03          344.420929E+06             1.088853E+09           556.275574E+06             1.06976902E+09         316.315338E-03           925.838806E-03            10.4186716                8.5893364                1.82933462    
                   2.12615991E+03          68.6228333E-03          343.566101E+06             1.092641E+09           559.122498E+06             1.07134545E+09         314.436432E-03           919.880066E-03            10.4497919                8.58561134               1.86418152    
                   2.1322E+03              77.4557266E-03          342.270813E+06             1.09601068E+09         561.888733E+06             1.07218027E+09         312.287811E-03           913.048828E-03            10.4832764                8.58180809               1.90146697    
                   2.13400006E+03          80.1821899E-03          341.695068E+06             1.09700072E+09         562.786011E+06             1.0722183E+09          311.481171E-03           910.482605E-03            10.4933214                8.58039951               1.91292024    
                   2.1382401E+03           86.8196182E-03          340.572144E+06             1.09907246E+09         564.625854E+06             1.07238019E+09         309.872314E-03           905.358704E-03            10.5185843                8.57765198               1.94093144    
                   2.14427996E+03          96.8112488E-03          339.263489E+06             1.101946E+09           567.063538E+06             1.07285953E+09         307.876709E-03           898.999878E-03            10.5570135                8.57387352               1.98314023    
                   2.15032005E+03         107.309837E-03           338.097748E+06             1.10456467E+09         569.270386E+06             1.07331729E+09         306.091522E-03           893.295654E-03            10.5975428                8.57005692               2.02748394    
                   2.15635991E+03         118.376572E-03           337.374237E+06             1.10719585E+09         571.292664E+06             1.07424712E+09         304.710632E-03           888.862244E-03            10.6404114                8.56618977               2.07422018    
                   2.16240001E+03         130.012741E-03           336.739624E+06             1.10978913E+09         573.253052E+06             1.07524312E+09         303.426727E-03           884.713196E-03            10.6856947                8.56232929               2.12336397    
                   2.16843987E+03         142.198532E-03           336.140686E+06             1.11226511E+09         575.123901E+06             1.0761975E+09          302.212799E-03           880.757935E-03            10.7333155                8.55848598               2.17482829    
                   2.17447996E+03         155.000961E-03           335.783844E+06             1.11475086E+09         576.901001E+06             1.07741344E+09         301.218719E-03           877.467407E-03            10.783453                 8.55457592               2.2288785     
                   2.18052006E+03         168.657501E-03           335.949188E+06             1.11721063E+09         578.445557E+06             1.07916892E+09         300.703583E-03           875.652527E-03            10.8368692                8.5503931                2.28647733    
                   2.18656015E+03         183.405563E-03           336.628693E+06             1.11972117E+09         579.812988E+06             1.08150744E+09         300.63623E-03            875.207214E-03            10.8943844                8.54578876               2.34859586    
                   2.19260001E+03         199.067917E-03           337.083282E+06             1.12227082E+09         581.31073E+06              1.08362722E+09         300.358307E-03           874.027893E-03            10.9555979                8.5410614                2.41453528    
                   2.19864011E+03         215.631805E-03           337.561523E+06             1.124753E+09           582.765625E+06             1.08572733E+09         300.120636E-03           872.904175E-03            11.020422                 8.5361948                2.48422718    
                   2.20467997E+03         233.150269E-03           338.22641E+06              1.12727368E+09         584.178894E+06             1.08804977E+09         300.039215E-03           872.194763E-03            11.0890551                8.53116989               2.55788326    
                   2.21072006E+03         251.824646E-03           339.204071E+06             1.12983179E+09         585.500366E+06             1.09072959E+09         300.225189E-03           872.22998E-03             11.1621647                8.52584934               2.63631487    
                   2.21199989E+03         255.919846E-03           339.40155E+06              1.1303581E+09          585.7771E+06               1.09127653E+09         300.260071E-03           872.203857E-03            11.1779709                8.52451801               2.6534543     
                   2.21675992E+03         271.71405E-03            340.351013E+06             1.13238883E+09         586.765076E+06             1.09358788E+09         300.560364E-03           872.638123E-03            11.2397137                8.52001858               2.71969461    
                   2.22280002E+03         292.928009E-03           341.824799E+06             1.13497365E+09         587.931641E+06             1.09681094E+09         301.174255E-03           873.790833E-03            11.3229532                8.51429939               2.80865479    
                   2.22884011E+03         315.388214E-03           343.541077E+06             1.13757741E+09         589.029907E+06             1.10030186E+09         301.993683E-03           875.451294E-03            11.4111834                8.50841618               2.90276647    
                   2.23487997E+03         339.257874E-03           345.544739E+06             1.14020789E+09         590.049072E+06             1.10411298E+09         303.05426E-03            877.712769E-03            11.5049114                8.50224209               3.00266886    
                   2.24091983E+03         364.447906E-03           347.831879E+06             1.1428473E+09          590.978882E+06             1.10822737E+09         304.35556E-03            880.57196E-03             11.6039801                8.49596024               3.10802007    
                   2.24695992E+03         390.859161E-03           350.431824E+06             1.14548135E+09         591.795898E+06             1.11266625E+09         305.925415E-03           884.121826E-03            11.7081833                8.48974133               3.21844196    
                   2.24699998E+03         391.03595E-03            350.462219E+06             1.14549875E+09         591.79541E+06              1.11270964E+09         305.947327E-03           884.181946E-03            11.7088327                8.48966312               3.21916819    
                   2.25300002E+03         418.539124E-03           353.43042E+06              1.1481123E+09          592.465942E+06             1.11752057E+09         307.83609E-03            888.580444E-03            11.8176384                8.48352909               3.33410907    
                   2.25904012E+03         447.458893E-03           356.834473E+06             1.15073609E+09         592.981506E+06             1.12279248E+09         310.092438E-03           893.962769E-03            11.932416                 8.47747231               3.4549427     
                   2.26507998E+03         477.658569E-03           360.662476E+06             1.15334737E+09         593.330139E+06             1.12849391E+09         312.709167E-03           900.310669E-03            12.0525932                8.47150803               3.58108425    
                   2.27112007E+03         509.204498E-03           364.962036E+06             1.15594959E+09         593.490967E+06             1.13467348E+09         315.724884E-03           907.741516E-03            12.1754856                8.49121952               3.68426061    
                   2.27715993E+03         542.152588E-03           369.721802E+06             1.15855539E+09         593.475647E+06             1.14132178E+09         319.123077E-03           916.195984E-03            12.1928883                8.5035677                3.68931746    
                   2.28320003E+03         576.583374E-03           374.913147E+06             1.16116548E+09         593.296631E+06             1.14840293E+09         322.876617E-03           925.576538E-03            12.2054062                8.51245022               3.69295359    
                   2.28923988E+03         612.59845E-03            380.545044E+06             1.16377306E+09         592.947388E+06             1.15591574E+09         326.992462E-03           935.890686E-03            12.2152777                8.51945305               3.69582081    
                   2.29527998E+03         650.311218E-03           386.647491E+06             1.16639936E+09         592.440247E+06             1.16389644E+09         331.488098E-03           947.153564E-03            12.2235632                8.5253315                3.69822764    
                   2.30132008E+03         689.860107E-03           393.161072E+06             1.16903424E+09         591.860107E+06             1.1722703E+09          336.312469E-03           959.087646E-03            12.2308359                8.53048992               3.70033979    
                   2.30735993E+03         731.392822E-03           400.108521E+06             1.17169416E+09         591.761047E+06             1.18106163E+09         341.47821E-03            968.177429E-03            12.237442                 8.53518009               3.70225859    
                   2.31339979E+03         775.084351E-03           407.489655E+06             1.17437983E+09         592.736084E+06             1.19026291E+09         346.9823E-03             970.154602E-03            12.2436275                8.5395689                3.70405507    
                   2.31943989E+03         821.108704E-03           415.289551E+06             1.17709529E+09         594.525085E+06             1.19985175E+09         352.807678E-03           967.799133E-03            12.2495852                8.54379749               3.70578575    
                   2.32547998E+03         869.652527E-03           423.497406E+06             1.17984664E+09         597.368774E+06             1.209813E+09           358.940948E-03           958.511108E-03            12.2554817                8.54797935               3.7074976     
                   2.33152008E+03         920.930237E-03           432.122803E+06             1.18263865E+09         600.806335E+06             1.22015071E+09         365.386292E-03           946.072205E-03            12.261487                 8.55224037               3.70924115    
                   2.33756018E+03         975.184265E-03           441.193726E+06             1.18547666E+09         604.426086E+06             1.23088872E+09         372.162262E-03           932.686218E-03            12.267786                 8.5567112                3.71107078    
                   2.34360003E+03           1.03265083             450.740082E+06             1.18835819E+09         608.10083E+06              1.24204552E+09         379.291565E-03           918.904053E-03            12.2745857                8.56153584               3.71304488    
                   2.34964013E+03           1.09356725             460.785309E+06             1.19130039E+09         611.803223E+06             1.2536478E+09          386.785309E-03           904.847595E-03            12.2821026                8.5668726                3.7152276     
                   2.35567999E+03           1.15817809             471.288788E+06             1.19429672E+09         615.675171E+06             1.26563704E+09         394.607452E-03           889.723206E-03            12.2905788                8.57288647               3.71768832    
                   2.36172009E+03           1.22670305             482.088287E+06             1.19734812E+09         619.98584E+06              1.27783942E+09         402.618774E-03           871.844727E-03            12.3002253                8.57973289               3.72048879    
                   2.36775994E+03           1.29928589             492.795532E+06             1.20045388E+09         624.754761E+06             1.28985703E+09         410.493042E-03           851.021851E-03            12.3111734                8.58750439               3.72366786    
                   2.37380004E+03           1.37593353             502.724976E+06             1.20360231E+09         629.53479E+06              1.30100513E+09         417.664856E-03           829.949707E-03            12.3234167                8.59619045               3.72722125    
                   2.37984014E+03           1.45645797             510.906738E+06             1.20678115E+09         634.026184E+06             1.31034672E+09         423.338593E-03           810.323364E-03            12.3367577                8.60566139               3.73109484    
                   2.38587999E+03           1.54040062             516.108459E+06             1.20996463E+09         637.914124E+06             1.31670928E+09         426.516266E-03           794.031006E-03            12.3508244                8.61564255               3.73517728    
                   2.39191985E+03           1.6270932              517.162292E+06             1.2131263E+09          640.85553E+06              1.31899095E+09         426.262665E-03           783.066956E-03            12.3651018                8.62577724               3.73932242    
                   2.39795995E+03           1.71567285             512.848999E+06             1.21623611E+09         642.505127E+06             1.31601739E+09         421.611664E-03           779.087585E-03            12.3792477                8.63581657               3.74342775    
                   2.40400004E+03           1.80515218             502.489441E+06             1.21926332E+09         643.756042E+06             1.30716741E+09         412.048218E-03           777.449646E-03            12.3928509                8.64547253               3.7473762     




