
                     X                   displacement                force         

                   0.                       0.                      -0.            
                   1.44000006E+03           0.                      -0.            
                   2.88000011E+03           0.                      -0.            
                   4.32000017E+03           0.                      -0.            
                   5.76000023E+03           0.                      -0.            
                   7.19999981E+03           0.                      -0.            
                   7.19999981E+03           0.                      -0.            
                   7.20554972E+03          13.8799963E-06          196.055725      
                   7.2111001E+03           27.7599926E-06          392.085938      
                   7.21665001E+03          41.6400108E-06          588.090454      
                   7.22220039E+03          55.5199852E-06          784.069641      
                   7.22774982E+03          69.3999786E-06          980.023254      
                   7.23329973E+03          83.2800217E-06            1.17595112E+03
                   7.23885012E+03          97.1600037E-06            1.37185359E+03
                   7.24440002E+03         111.03997E-06              1.56773043E+03
                   7.24995041E+03         124.919991E-06             1.76358187E+03
                   7.25549984E+03         138.799957E-06             1.95940769E+03
                   7.26104975E+03         152.680054E-06             2.15520835E+03
                   7.26660013E+03         166.560043E-06             2.35098338E+03
                   7.27215004E+03         180.440002E-06             2.5467329E+03 
                   7.27770042E+03         194.320007E-06             2.74245596E+03
                   7.28324986E+03         208.199966E-06             2.93815494E+03
                   7.28879976E+03         222.079941E-06             3.13382769E+03
                   7.29435015E+03         235.959915E-06             3.32947516E+03
                   7.29990005E+03         249.839981E-06             3.52509689E+03
                   7.30544996E+03         263.71994E-06              3.72069383E+03
                   7.31099987E+03         277.599915E-06             3.91626501E+03
                   7.31654978E+03         291.480103E-06             4.11181068E+03
                   7.32210016E+03         305.360107E-06             4.30733061E+03
                   7.32765007E+03         319.240021E-06             4.50282526E+03
                   7.33319998E+03         333.120087E-06             4.69829416E+03
                   7.33874989E+03         347.E-06                   4.89373779E+03
                   7.34429979E+03         360.880005E-06             5.08915567E+03
                   7.34985018E+03         374.760132E-06             5.28454733E+03
                   7.35540009E+03         388.640015E-06             5.47991562E+03
                   7.36094999E+03         402.520081E-06             5.67525673E+03
                   7.3664999E+03          416.399933E-06             5.87055302E+03
                   7.37204981E+03         430.280029E-06             6.06571865E+03
                   7.37760019E+03         444.159882E-06             6.26069784E+03
                   7.3831501E+03          458.040039E-06             6.45545912E+03
                   7.38870001E+03         471.91983E-06              6.64995861E+03
                   7.39424992E+03         485.80014E-06              6.84416008E+03
                   7.39979982E+03         499.679962E-06             7.03803062E+03
                   7.40535021E+03         513.560059E-06             7.23152971E+03
                   7.41090012E+03         527.43988E-06              7.42462158E+03
                   7.41645002E+03         541.320007E-06             7.61725616E+03
                   7.42199993E+03         555.199829E-06             7.80938578E+03
                   7.42754984E+03         569.080017E-06             8.00095367E+03
                   7.43310022E+03         582.960205E-06             8.19188786E+03
                   7.43865013E+03         596.839966E-06             8.38210869E+03
                   7.44420004E+03         610.720215E-06             8.57150745E+03
                   7.44974995E+03         624.599976E-06             8.75995827E+03
                   7.45529985E+03         638.480042E-06             8.94727421E+03
                   7.46085024E+03         652.359863E-06             9.13320255E+03
                   7.46639967E+03         666.240173E-06             9.31732559E+03
                   7.47195005E+03         680.120056E-06             9.4988718E+03 
                   7.47749996E+03         694.E-06                   9.66547108E+03
                   7.48304987E+03         707.879883E-06             9.78945732E+03
                   7.48860025E+03         721.76001E-06              9.89498997E+03
                   7.49414968E+03         735.640015E-06             9.99459648E+03
                   7.49970007E+03         749.520264E-06            10.0886927E+03 
                   7.50524998E+03         763.39978E-06             10.1781874E+03 
                   7.51079988E+03         777.280029E-06            10.2634325E+03 
                   7.51635027E+03         791.160278E-06            10.3449059E+03 
                   7.5218997E+03          805.040161E-06            10.4226894E+03 
                   7.52745008E+03         818.919983E-06            10.4967642E+03 
                   7.53299999E+03         832.799866E-06            10.5668411E+03 
                   7.5385499E+03          846.680237E-06            10.6322479E+03 
                   7.54410028E+03         860.560059E-06            10.6931896E+03 
                   7.54964972E+03         874.439819E-06            10.750535E+03  
                   7.5552001E+03          888.319763E-06            10.8044691E+03 
                   7.56075001E+03         902.200073E-06            10.8546324E+03 
                   7.56629992E+03         916.080078E-06            10.9009838E+03 
                   7.5718503E+03          929.959717E-06            10.9431925E+03 
                   7.57739973E+03         943.839661E-06            10.9795265E+03 
                   7.58295012E+03         957.719971E-06            11.0109453E+03 
                   7.58850002E+03         971.600281E-06            11.0380716E+03 
                   7.59404993E+03         985.480347E-06            11.0591726E+03 
                   7.59600019E+03         990.357178E-06            11.0648594E+03 
                   7.59960032E+03         999.359924E-06            11.0736122E+03 
                   7.60200024E+03           1.00536239E-03          11.0780478E+03 
                   7.60514975E+03           1.01323998E-03          11.0812235E+03 
                   7.61070013E+03           1.02712011E-03          11.0805254E+03 
                   7.61625004E+03           1.04100025E-03          11.0706444E+03 
                   7.62179995E+03           1.05487978E-03          11.0529242E+03 
                   7.62735033E+03           1.0687598E-03           11.0277748E+03 
                   7.63289976E+03           1.08264005E-03          10.9961557E+03 
                   7.63845015E+03           1.09652019E-03          10.9586611E+03 
                   7.64400005E+03           1.1103996E-03           10.9157829E+03 
                   7.64954996E+03           1.12427974E-03          10.8676748E+03 
                   7.65399981E+03           1.135409E-03            10.8254604E+03 
                   7.65509987E+03           1.13815999E-03          10.8143644E+03 
                   7.66064978E+03           1.15204036E-03          10.7558413E+03 
                   7.66620016E+03           1.16592038E-03          10.6914892E+03 
                   7.67175007E+03           1.17979991E-03          10.6212749E+03 
                   7.67729998E+03           1.19367993E-03          10.5448484E+03 
                   7.68284988E+03           1.20756018E-03          10.4614964E+03 
                   7.68839979E+03           1.22144043E-03          10.3706217E+03 
                   7.69395018E+03           1.23531973E-03          10.2714748E+03 
                   7.69950008E+03           1.24919999E-03          10.1629992E+03 
                   7.70504999E+03           1.26307988E-03          10.044034E+03  
                   7.7105999E+03            1.27696013E-03           9.91310215E+03
                   7.71614981E+03           1.29083967E-03           9.76836872E+03
                   7.72170019E+03           1.30471969E-03           9.60765266E+03
                   7.7272501E+03            1.31860006E-03           9.42832756E+03
                   7.73280001E+03           1.33248031E-03           9.22753143E+03
                   7.73834991E+03           1.34636056E-03           9.0025692E+03 
                   7.74389982E+03           1.3602401E-03            8.7520647E+03 
                   7.74945021E+03           1.37412024E-03           8.47754383E+03
                   7.75500011E+03           1.38800001E-03           8.1852951E+03 




