
                     X                  AVERAGE_UVARM1           AVERAGE_UVARM2           AVERAGE_UVARM3           AVERAGE_UVARM4           AVERAGE_UVARM5           AVERAGE_UVARM6           AVERAGE_UVARM7           AVERAGE_UVARM8           AVERAGE_UVARM9          AVERAGE_UVARM10    

                   7.19999981E+03           0.                       0.                       0.                       0.                       0.                       0.                       0.                      10.3113527                8.72045898               1.59089506    
                   7.20514011E+03           0.                       7.23927402E+06          14.8363857E+06            8.34779072E+06          16.695694E+06           487.946564E-03           431.797272E-03            10.3114243                8.72051811               1.59090531    
                   7.21027994E+03           0.                      14.4778366E+06           29.6730061E+06           16.6954727E+06           33.3911743E+06          487.918915E-03           431.915314E-03            10.3114948                8.72057629               1.59091508    
                   7.21541977E+03           0.                      21.7156696E+06           44.5098419E+06           25.043045E+06            50.0864449E+06          487.890991E-03           432.033264E-03            10.3115616                8.72063637               1.59092474    
                   7.22056007E+03           0.                      28.9527969E+06           59.3468971E+06           33.3904915E+06           66.7814865E+06          487.863281E-03           432.151306E-03            10.3116312                8.7206955                1.59093475    
                   7.22570038E+03           0.                      36.1892128E+06           74.1841812E+06           41.7378387E+06           83.4763412E+06          487.83551E-03            432.269226E-03            10.3116989                8.72075176               1.59094405    
                   7.23083973E+03           0.                      43.4249535E+06           89.0217056E+06           50.0850754E+06          100.170952E+06           487.807739E-03           432.387054E-03            10.3117647                8.72081089               1.59095371    
                   7.23598003E+03           0.                      50.6599388E+06          103.859428E+06            58.4321938E+06          116.865379E+06           487.779938E-03           432.504883E-03            10.3118296                8.7208662                1.59096289    
                   7.24112034E+03           0.                      57.8941994E+06          118.697388E+06            66.779213E+06           133.559555E+06           487.752258E-03           432.622772E-03            10.3118925                8.72092152               1.59097195    
                   7.24625969E+03           0.                      65.1277618E+06          133.535568E+06            75.1261063E+06          150.253494E+06           487.724457E-03           432.740479E-03            10.3119564                8.72097588               1.59098113    
                   7.25139999E+03           0.                      72.3606262E+06          148.373962E+06            83.472908E+06           166.947342E+06           487.696686E-03           432.858307E-03            10.3120193                8.72103024               1.59099019    
                   7.25653982E+03           0.                      79.5926971E+06          163.212631E+06            91.8195877E+06          183.640854E+06           487.669006E-03           432.976013E-03            10.3120823                8.72108173               1.59099889    
                   7.26168013E+03           0.                      86.824173E+06           178.051453E+06           100.166138E+06           200.334213E+06           487.641235E-03           433.093628E-03            10.3121443                8.72113609               1.59100771    
                   7.26681995E+03           0.                      94.0548859E+06          192.89061E+06            108.512642E+06           217.027344E+06           487.613556E-03           433.211212E-03            10.3122034                8.72118568               1.59101617    
                   7.27195978E+03           0.                     101.284851E+06           207.729935E+06           116.858986E+06           233.720306E+06           487.585907E-03           433.328857E-03            10.3122635                8.72123718               1.59102464    
                   7.27710009E+03           0.                     108.514191E+06           222.569382E+06           125.205215E+06           250.412964E+06           487.558167E-03           433.446442E-03            10.3123226                8.72128773               1.59103286    
                   7.28224039E+03           0.                     115.742737E+06           237.409149E+06           133.551346E+06           267.105499E+06           487.530487E-03           433.563843E-03            10.3123779                8.72133732               1.59104133    
                   7.28737974E+03           0.                     122.970619E+06           252.249146E+06           141.897354E+06           283.79776E+06            487.502716E-03           433.681458E-03            10.3124371                8.72138786               1.59104931    
                   7.29252005E+03           0.                     130.197739E+06           267.089417E+06           150.243286E+06           300.489807E+06           487.475189E-03           433.798798E-03            10.3124924                8.72143364               1.59105706    
                   7.29766035E+03           0.                     137.42424E+06            281.92984E+06            158.589127E+06           317.181732E+06           487.447388E-03           433.916321E-03            10.3125477                8.72148514               1.59106517    
                   7.3027997E+03            0.                     144.650024E+06           296.770508E+06           166.934738E+06           333.873322E+06           487.419678E-03           434.033569E-03            10.312602                 8.72152901               1.59107304    
                   7.30794001E+03           0.                     151.875031E+06           311.61145E+06            175.280365E+06           350.564697E+06           487.39212E-03            434.150879E-03            10.3126564                8.72157574               1.59108078    
                   7.31308031E+03           0.                     159.099243E+06           326.452423E+06           183.625839E+06           367.255981E+06           487.36441E-03            434.268311E-03            10.3127098                8.72162151               1.59108818    
                   7.31822014E+03           0.                     166.323013E+06           341.293823E+06           191.971146E+06           383.947083E+06           487.336761E-03           434.385437E-03            10.3127623                8.72166634               1.59109592    
                   7.32335997E+03           0.                     173.546967E+06           356.135193E+06           200.316696E+06           400.638428E+06           487.3125E-03             434.488831E-03            10.3128128                8.72171116               1.5911032     
                   7.32849979E+03           0.                     180.826904E+06           370.978394E+06           208.678955E+06           417.363159E+06           487.438477E-03           433.960754E-03            10.3128643                8.72175407               1.59111047    
                   7.3336401E+03            0.                     188.202591E+06           385.847137E+06           217.079269E+06           434.164154E+06           487.770538E-03           432.566498E-03            10.3129158                8.72179794               1.59111786    
                   7.33877993E+03           0.                     195.705994E+06           400.771729E+06           225.539597E+06           451.085175E+06           488.328583E-03           430.221375E-03            10.3129644                8.72184086               1.59112477    
                   7.34391975E+03           0.                     203.351715E+06           415.783966E+06           234.077103E+06           468.160675E+06           489.086121E-03           427.034363E-03            10.3130131                8.72188091               1.59113181    
                   7.34906006E+03           0.                     211.156708E+06           430.914429E+06           242.709015E+06           485.425415E+06           490.025787E-03           423.076202E-03            10.3130608                8.72192192               1.59113848    
                   7.35420036E+03           0.                     219.136887E+06           446.194611E+06           251.452744E+06           502.914581E+06           491.129608E-03           418.420715E-03            10.3131104                8.72196388               1.59114516    
                   7.35933971E+03           0.                     227.305069E+06           461.652802E+06           260.32312E+06            520.658325E+06           492.377991E-03           413.14975E-03             10.3131542                8.72200298               1.59115183    
                   7.36448002E+03           0.                     235.679306E+06           477.327728E+06           269.34082E+06            538.698914E+06           493.753143E-03           407.339294E-03            10.3132019                8.72204208               1.59115851    
                   7.36962032E+03           0.                     244.27713E+06            493.251831E+06           278.52356E+06            557.072754E+06           495.243713E-03           401.040863E-03            10.3132477                8.72208214               1.59116483    
                   7.37475967E+03           0.                     253.118042E+06           509.466614E+06           287.893341E+06           575.825806E+06           496.83493E-03            394.324158E-03            10.3132906                8.72212029               1.59117103    
                   7.37989998E+03           0.                     262.22641E+06            526.016724E+06           297.474701E+06           595.009155E+06           498.519104E-03           387.235382E-03            10.3133345                8.72215652               1.5911777     
                   7.38503981E+03           0.                     271.629242E+06           542.958618E+06           307.297302E+06           614.686584E+06           500.282043E-03           379.855652E-03            10.3133774                8.72219658               1.59118354    
                   7.39018011E+03           0.                     281.360229E+06           560.353699E+06           317.394775E+06           634.930115E+06           502.118103E-03           372.237305E-03            10.3134222                8.72223282               1.59118962    
                   7.39531994E+03           0.                     291.456848E+06           578.28186E+06            327.809265E+06           655.831421E+06           504.011261E-03           364.490265E-03            10.3134613                8.72226715               1.59119558    
                   7.40045977E+03           0.                     301.968506E+06           596.843933E+06           338.594696E+06           677.50708E+06            505.949371E-03           356.71875E-03             10.3135023                8.72230339               1.59120142    
                   7.40560007E+03           0.                     312.951721E+06           616.170959E+06           349.819916E+06           700.105835E+06           507.905365E-03           349.092072E-03            10.3135443                8.72233677               1.59120691    
                   7.41074038E+03           0.                     324.46936E+06            636.438904E+06           361.576965E+06           723.818176E+06           509.829529E-03           341.853241E-03            10.3135834                8.72237206               1.59121239    
                   7.41587973E+03           0.                     336.602386E+06           657.905457E+06           374.002228E+06           748.910034E+06           511.638702E-03           335.298859E-03            10.3136196                8.72240162               1.59121859    
                   7.42102003E+03           0.                     349.437866E+06           680.966003E+06           387.305603E+06           775.754761E+06           513.166016E-03           329.846252E-03            10.3136606                8.72243404               1.5912236     
                   7.42616034E+03           0.                     363.066589E+06           706.258606E+06           401.832336E+06           804.887451E+06           514.093384E-03           325.950836E-03            10.313694                 8.72246838               1.59122896    
                   7.43129969E+03           0.                     377.576355E+06           734.906372E+06           418.203979E+06           837.147034E+06           513.812988E-03           324.006622E-03            10.3137302                8.72249508               1.59123373    
                   7.43643999E+03           0.                     393.04715E+06            769.00885E+06            437.611053E+06           873.940918E+06           511.179321E-03           323.961487E-03            10.3137627                8.72252178               1.5912379     
                   7.4415803E+03            0.                     409.63205E+06            812.893616E+06           462.528687E+06           918.098938E+06           504.066711E-03           325.266632E-03            10.3138037                8.72256279               1.59124446    
                   7.44672012E+03          56.210598E-06           426.595276E+06           861.261414E+06           489.827759E+06           965.825134E+06           495.36496E-03            330.259979E-03            10.3145199                8.72296333               1.59155726    
                   7.45185995E+03         345.11322E-06            439.374207E+06           872.868103E+06           495.986908E+06           986.870117E+06           503.365448E-03           339.976746E-03            10.3175325                8.72445965               1.59307075    
                   7.45699978E+03         717.808105E-06           448.418304E+06           876.312988E+06           497.880188E+06           998.223267E+06           511.709106E-03           341.404999E-03            10.3202095                8.72535706               1.5948509     
                   7.46214008E+03           1.12169886E-03         454.200989E+06           880.046082E+06           500.327179E+06             1.0056231E+09          516.110901E-03           334.449463E-03            10.3228464                8.72610378               1.59674346    
                   7.46727991E+03           1.53583407E-03         457.586792E+06           883.873779E+06           502.920288E+06             1.01044369E+09         517.70697E-03            325.348053E-03            10.3254213                8.72675991               1.59866512    
                   7.47241974E+03           1.93701327E-03         459.870361E+06           887.581848E+06           505.335052E+06             1.01431608E+09         518.117676E-03           318.546661E-03            10.3277674                8.72725964               1.60050511    
                   7.47756004E+03           2.26583743E-03         462.552429E+06           890.621216E+06           507.338104E+06             1.01822305E+09         519.36145E-03            312.362762E-03            10.3298721                8.72783184               1.60203981    
                   7.48270035E+03           2.53549647E-03         464.230499E+06           893.113647E+06           508.979279E+06             1.02089453E+09         519.791382E-03           307.271149E-03            10.3318186                8.72848892               1.60333037    
                   7.4878397E+03            2.89955688E-03         464.459991E+06           896.478821E+06           510.901398E+06             1.02320814E+09         518.096802E-03           307.163239E-03            10.3334274                8.72850132               1.60492647    
                   7.49298E+03              3.44296002E-03         464.825897E+06           901.501343E+06           513.549805E+06             1.02724504E+09         515.616638E-03           312.03241E-03             10.334445                 8.72733593               1.60711026    
                   7.49812031E+03           4.20084381E-03         466.843994E+06           908.50647E+06            517.275757E+06             1.03428686E+09         513.862671E-03           317.905579E-03            10.3349304                8.72491074               1.61001956    
                   7.50325966E+03           5.17017746E-03         471.083832E+06           917.46582E+06            522.251282E+06             1.04442835E+09         513.466248E-03           320.635162E-03            10.335187                 8.72149849               1.61368692    
                   7.50839996E+03           6.30007267E-03         477.272217E+06           927.909363E+06           528.316895E+06             1.05685127E+09         514.356934E-03           318.03952E-03             10.3355408                8.71757507               1.6179657     
                   7.51354027E+03           7.50947046E-03         484.208862E+06           939.078918E+06           534.941223E+06             1.0701102E+09          515.626221E-03           312.341736E-03            10.3361149                8.71354675               1.62257016    
                   7.5186801E+03            8.7772665E-03          491.014648E+06           950.152527E+06           541.488525E+06             1.08321965E+09         516.779358E-03           307.174774E-03            10.3368931                8.70947266               1.62741792    
                   7.52381992E+03          10.1123056E-03          497.377655E+06           960.107178E+06           547.401978E+06             1.0951643E+09          518.047363E-03           301.960602E-03            10.3378716                8.7053299                1.63254118    
                   7.52895975E+03          11.5217218E-03          503.087738E+06           967.542114E+06           551.917114E+06             1.10477102E+09         519.967529E-03           295.912079E-03            10.3390255                8.70106316               1.63796353    
                   7.53410006E+03          12.9937878E-03          508.455688E+06           974.988159E+06           556.486145E+06             1.11388719E+09         521.502991E-03           288.750916E-03            10.3401842                8.69657135               1.64361417    
                   7.53924036E+03          14.5316458E-03          513.803711E+06           982.767212E+06           561.258179E+06             1.12312126E+09         522.817261E-03           281.225372E-03            10.3413744                8.69186306               1.64950848    
                   7.54437971E+03          16.1457119E-03          519.358887E+06           990.931091E+06           566.233032E+06             1.13281786E+09         524.116272E-03           274.018219E-03            10.3426247                8.68693542               1.65568924    
                   7.54952002E+03          17.852232E-03           525.23645E+06            999.56311E+06            571.449524E+06             1.1431725E+09          525.470764E-03           267.356415E-03            10.3440132                8.68178749               1.66222572    
                   7.55466032E+03          19.6857872E-03          531.203491E+06             1.00846374E+09         576.789612E+06             1.15384901E+09         526.749207E-03           261.372375E-03            10.3456554                8.67639256               1.66926372    
                   7.55979967E+03          21.7190666E-03          536.746338E+06             1.01446772E+09         580.438538E+06             1.16240287E+09         529.093384E-03           256.190887E-03            10.347703                 8.67060852               1.67709327    
                   7.55999994E+03          21.8025494E-03          536.959961E+06             1.01466393E+09         580.559814E+06             1.1627084E+09          529.201538E-03           255.975693E-03            10.347806                 8.67038918               1.67741728    
                   7.56493998E+03          23.9908981E-03          542.1073E+06               1.01980793E+09         583.727356E+06             1.17028177E+09         531.580078E-03           250.47374E-03             10.3499784                8.66415119               1.68582726    
                   7.57008028E+03          26.5283546E-03          547.4953E+06               1.02577245E+09         587.418701E+06             1.1783905E+09          533.742249E-03           243.541199E-03            10.3524637                8.65690613               1.69556046    
                   7.57522011E+03          29.2938881E-03          552.861511E+06             1.03212631E+09         591.353149E+06             1.18660438E+09         535.655151E-03           235.953491E-03            10.3552618                8.64909649               1.70616388    
                   7.58035994E+03          32.2650909E-03          557.948181E+06             1.0367136E+09          594.23822E+06              1.19355118E+09         538.190613E-03           229.197128E-03            10.3584728                8.64090443               1.71756852    
                   7.58549976E+03          35.4348717E-03          562.761353E+06             1.04060471E+09         596.709412E+06             1.19982088E+09         540.803467E-03           222.711945E-03            10.3620739                8.63233471               1.72973979    
                   7.59064007E+03          38.8726616E-03          567.447205E+06             1.04477251E+09         599.333008E+06             1.20612204E+09         543.131531E-03           216.249557E-03            10.3660707                8.62314415               1.74293005    
                   7.5957799E+03           42.597908E-03           572.039062E+06             1.048141E+09           601.490112E+06             1.21183944E+09         545.766418E-03           209.877823E-03            10.3705034                8.61329556               1.7572093     
                   7.59800005E+03          44.2895012E-03          574.038818E+06             1.04939926E+09         602.311462E+06             1.2141825E+09          547.017761E-03           206.998459E-03            10.3725834                8.60888863               1.76369393    
                   7.60091972E+03          46.6521149E-03          576.720642E+06             1.0511564E+09          603.450745E+06             1.21736526E+09         548.654785E-03           203.149078E-03            10.3754616                8.60272408               1.77273726    
                   7.60606003E+03          51.5657005E-03          581.848511E+06             1.05444396E+09         605.580444E+06             1.22340512E+09         551.806458E-03           195.858322E-03            10.3810034                8.58957195               1.79143429    
                   7.60900021E+03          55.0089264E-03          585.177612E+06             1.05627096E+09         606.755005E+06             1.22726262E+09         554.003845E-03           191.991348E-03            10.3845215                8.58007526               1.80444598    
                   7.61120033E+03          57.7714882E-03          587.792114E+06             1.05771339E+09         607.680359E+06             1.23029053E+09         555.720154E-03           188.939987E-03            10.3873405                8.57247353               1.81486547    
                   7.61633968E+03          65.0971069E-03          594.436584E+06             1.06100881E+09         609.813538E+06             1.23775244E+09         560.256592E-03           181.204895E-03            10.3945341                8.55216503               1.8423667     
                   7.62147999E+03          74.5744934E-03          603.162598E+06             1.06468379E+09         612.246643E+06             1.24702001E+09         566.518555E-03           170.344345E-03            10.4031725                8.52551746               1.87765551    
                   7.62662029E+03          87.8376083E-03          615.582947E+06             1.06913078E+09         615.198608E+06             1.25986314E+09         575.779297E-03           156.017151E-03            10.4138765                8.48741722               1.92645955    
                   7.63175964E+03         104.810295E-03           631.270081E+06             1.07404339E+09         618.44458E+06              1.27580845E+09         587.751404E-03           139.307266E-03            10.4275217                8.43920326               1.9883157     
                   7.63689995E+03         124.75679E-03            647.840881E+06             1.07927942E+09         621.8078E+06               1.29295433E+09         600.252991E-03           123.787582E-03            10.4447651                8.38436508               2.06040311    
                   7.64204025E+03         147.262466E-03           664.731262E+06             1.08451843E+09         625.07843E+06              1.31086302E+09         612.927673E-03           111.261955E-03            10.4659576                8.32491779               2.14103842    
                   7.64718008E+03         172.149689E-03           682.267456E+06             1.08976674E+09         628.294434E+06             1.32972896E+09         626.067505E-03           100.78672E-03             10.4913988                8.26200867               2.22939372    
                   7.65231991E+03         199.429306E-03           700.792114E+06             1.0950036E+09          631.46698E+06              1.34975755E+09         639.990784E-03            91.5564728E-03           10.5216074                8.1962719                2.32533622    
                   7.65745974E+03         229.305603E-03           720.591187E+06             1.10022283E+09         634.607422E+06             1.37112069E+09         654.949768E-03            82.8970261E-03           10.5572824                8.12787724               2.42940187    
                   7.66260004E+03         262.113922E-03           741.942627E+06             1.10548139E+09         637.753662E+06             1.39409459E+09         671.148804E-03            74.5843353E-03           10.5992851                8.05673599               2.54254818    
                   7.66774035E+03         298.344604E-03           765.126099E+06             1.11085796E+09         640.953918E+06             1.41897416E+09         688.770264E-03            66.445015E-03            10.6487627                7.98255301               2.66620779    
                   7.6728797E+03          338.690002E-03           790.500916E+06             1.11634874E+09         644.207092E+06             1.44610572E+09         708.113159E-03            58.4118118E-03           10.7071753                7.90476322               2.80241418    
                   7.67802E+03            384.121307E-03           818.607788E+06             1.12207532E+09         647.581726E+06             1.47610104E+09         729.547485E-03            50.4907608E-03           10.7764511                7.82246494               2.95398474    
                   7.68316031E+03         436.080139E-03           850.198914E+06             1.1281209E+09          651.124451E+06             1.50976121E+09         753.641663E-03            42.6862984E-03           10.8592901                7.73422384               3.12506628    
                   7.68829966E+03         496.813965E-03           886.440918E+06             1.13464141E+09         654.920166E+06             1.5483458E+09          781.252319E-03            35.0310287E-03           11.0110388                7.67624807               3.33479238    
                   7.69343996E+03         570.212952E-03           929.366516E+06             1.14187694E+09         659.095825E+06             1.59402883E+09         813.894592E-03            27.578228E-03            11.0852795                7.71795607               3.36732411    
                   7.69858027E+03         664.313049E-03           983.171448E+06             1.1503433E+09          663.913574E+06             1.65129077E+09         854.676819E-03            20.4061699E-03           11.1776457                7.78343582               3.39420891    
                   7.70372009E+03         804.222961E-03             1.06099522E+09           1.1616261E+09          670.126099E+06             1.73409176E+09         913.372681E-03            13.6309233E-03           11.2983627                7.86902428               3.42933583    
                   7.70885992E+03           1.19526947               1.21885633E+09           1.18764663E+09         681.163208E+06             1.90348482E+09           1.02629578              11.6231365E-03           11.5060472                8.01629639               3.48974824    
                   7.71400023E+03           1.40157306               1.2478559E+09            1.19915235E+09         681.715881E+06             1.9326005E+09            1.04065454               7.53764153E-03          11.9258642                8.31408978               3.61177444    




