
                     X                  AVERAGE_UVARM1           AVERAGE_UVARM2           AVERAGE_UVARM3           AVERAGE_UVARM4           AVERAGE_UVARM5           AVERAGE_UVARM6           AVERAGE_UVARM7           AVERAGE_UVARM8           AVERAGE_UVARM9          AVERAGE_UVARM10          AVERAGE_UVARM11          AVERAGE_UVARM12          AVERAGE_UVARM13          AVERAGE_UVARM14          AVERAGE_UVARM15    

                   7.19999981E+03           0.                       0.                       0.                       0.                       0.                       0.                      10.3162289                8.72463989               1.59158945               1.31608951               1.11304295             203.0466E-03              10.0000038E+09          924.223572E-03           176.717102E-03  
                   7.20603991E+03           0.                      15.3306618E+06           43.3038368E+06           44.1960182E+06          354.563477E-03           969.790161E-03            10.3162355                8.72464657               1.59159052               1.31609046               1.11304379             203.046707E-03            10.0000038E+09          924.223572E-03           176.717056E-03  
                   7.21208E+03              0.                      30.6572056E+06           86.5981827E+06           88.3816071E+06          354.554443E-03           969.817017E-03            10.3165016                8.72487259               1.59162819               1.31612408               1.11307275             203.051529E-03            10.0000038E+09          924.225342E-03           176.715729E-03  
                   7.2181201E+03            0.                      45.9796715E+06          129.883026E+06           132.556793E+06           354.545471E-03           969.844055E-03            10.3169832                8.72528839               1.5916971                1.31618583               1.11312556             203.060318E-03            10.0000038E+09          924.228516E-03           176.713333E-03  
                   7.22416019E+03           0.                      61.2980003E+06          173.158432E+06           176.721542E+06           354.536438E-03           969.871155E-03            10.3176556                8.72586346               1.59179282               1.31627131               1.11319911             203.072525E-03            10.0000038E+09          924.233154E-03           176.709991E-03  
                   7.23020029E+03           0.                      76.6122589E+06          216.424347E+06           220.875916E+06           354.527466E-03           969.897888E-03            10.3184891                8.72657776               1.59191155               1.31637776               1.11329031             203.087677E-03            10.0000038E+09          924.23877E-03            176.705795E-03  
                   7.23624039E+03           0.                      91.9223785E+06          259.680756E+06           265.019897E+06           354.518463E-03           969.924866E-03            10.3194637                8.72741413               1.59205031               1.31650221               1.11339688             203.105408E-03            10.0000038E+09          924.245422E-03           176.700974E-03  
                   7.24228001E+03           0.                     107.228447E+06           302.927826E+06           309.153503E+06           354.509491E-03           969.951843E-03            10.3205624                8.72835636               1.59220672               1.31664217               1.11351717             203.125366E-03            10.0000038E+09          924.252869E-03           176.69548E-03   
                   7.24831963E+03           0.                     122.530449E+06           346.165314E+06           353.276672E+06           354.50058E-03            969.978516E-03            10.3217688                8.72939014               1.59237885               1.3167963                1.11364901             203.147308E-03            10.0000038E+09          924.261108E-03           176.689468E-03  
                   7.25435972E+03           0.                     137.828247E+06           389.393372E+06           397.389557E+06           354.491638E-03           970.00531E-03             10.3230705                8.73050594               1.59256411               1.31696212               1.11379147             203.170944E-03            10.0000038E+09          924.269836E-03           176.683014E-03  
                   7.26039982E+03           0.                     153.122131E+06           432.612091E+06           441.492096E+06           354.482697E-03           970.032288E-03            10.3244562                8.73169422               1.5927614                1.31713903               1.11394298             203.196121E-03            10.0000038E+09          924.279236E-03           176.676117E-03  
                   7.26643991E+03           0.                     168.411865E+06           475.821289E+06           485.584229E+06           354.473755E-03           970.05896E-03             10.3259144                8.73294735               1.59296966               1.31732535               1.11410284             203.222626E-03            10.0000038E+09          924.289062E-03           176.668839E-03  
                   7.27248001E+03           0.                     183.697403E+06           519.021179E+06           529.666138E+06           354.464783E-03           970.085693E-03            10.3274412                8.73425674               1.59318721               1.31752002               1.11426985             203.250412E-03            10.0000038E+09          924.299377E-03           176.661224E-03  
                   7.27852011E+03           0.                     198.97908E+06            562.211487E+06           573.737549E+06           354.455841E-03           970.112427E-03            10.3290291                8.73561668               1.593413                 1.31772244               1.1144433              203.279251E-03            10.0000038E+09          924.31012E-03            176.653351E-03  
                   7.2845602E+03            0.                     214.256516E+06           605.392578E+06           617.798828E+06           354.446869E-03           970.13916E-03             10.3306694                8.7370224                1.59364676               1.31793141               1.11462283             203.309052E-03            10.0000038E+09          924.321167E-03           176.645218E-03  
                   7.2906003E+03            0.                     229.529999E+06           648.564209E+06           661.849548E+06           354.43808E-03            970.165649E-03            10.3323565                8.73846912               1.59388733               1.31814694               1.11480749             203.339722E-03            10.0000038E+09          924.332642E-03           176.636871E-03  
                   7.29663992E+03           0.                     244.799408E+06           691.726196E+06           705.890198E+06           354.429077E-03           970.192444E-03            10.3340883                8.73995495               1.59413385               1.31836772               1.11499679             203.371231E-03            10.0000038E+09          924.344299E-03           176.628296E-03  
                   7.30268002E+03           0.                     260.06488E+06            734.879211E+06           749.920288E+06           354.420258E-03           970.218994E-03            10.3358603                8.7414732                1.59438634               1.31859386               1.11519063             203.403397E-03            10.0000038E+09          924.356079E-03           176.619507E-03  
                   7.30872011E+03           0.                     275.326019E+06           778.022583E+06           793.940308E+06           354.411316E-03           970.245667E-03            10.3376665                8.74302292               1.59464383               1.31882441               1.11538827             203.436234E-03            10.0000038E+09          924.368347E-03           176.610535E-03  
                   7.31475973E+03           0.                     290.583221E+06           821.156738E+06           837.94989E+06            354.402435E-03           970.272095E-03            10.3395071                8.74460125               1.59490597               1.31905925               1.11558938             203.469711E-03            10.0000038E+09          924.380737E-03           176.601456E-03  
                   7.32079983E+03          79.6060486E-06          305.117462E+06           855.208984E+06           875.207092E+06           356.899323E-03           976.125122E-03            10.3417234                8.74620533               1.59552109               1.31934226               1.11579418             203.548111E-03             1.602121E+12           924.39563E-03            176.5905E-03    
                   7.32683992E+03         282.118073E-06           315.464569E+06           872.285706E+06           896.973145E+06           361.653748E-03           989.507874E-03            10.3447781                8.74806309               1.59671772               1.31973183               1.11603117             203.700699E-03             5.65236092E+12         924.416077E-03           176.575333E-03  
                   7.33288002E+03         576.341614E-06           321.211884E+06           875.005188E+06           904.537354E+06           367.098053E-03           992.106567E-03            10.3486052                8.75023651               1.59837008               1.32022011               1.11630845             203.911545E-03            11.5368309E+12          924.441833E-03           176.556412E-03  
                   7.33892012E+03         923.036743E-06           326.013458E+06           878.209717E+06           911.442871E+06           371.226349E-03           979.98407E-03             10.3525515                8.75231552               1.60023761               1.32072365               1.11657381             204.149811E-03            18.4707355E+12          924.468689E-03           176.536911E-03  
                   7.34495974E+03           1.31113195E-03         329.556213E+06           881.796936E+06           917.34375E+06            373.733917E-03           972.581116E-03            10.3561459                8.75393581               1.602211                 1.32118177               1.11678028             204.401581E-03            26.2326431E+12          924.492737E-03           176.519196E-03  
                   7.35099983E+03           1.72552979E-03         331.636841E+06           885.627197E+06           921.967773E+06           374.467072E-03           971.541992E-03            10.3582935                8.75421906               1.6040777                1.32145619               1.11681664             204.639709E-03            34.5205956E+12          924.507202E-03           176.50853E-03   
                   7.35703993E+03           2.17052841E-03         332.463196E+06           889.740234E+06           925.546997E+06           373.664856E-03           975.439697E-03            10.3595104                8.75358677               1.60592568               1.32161152               1.11673594             204.875458E-03            43.4205742E+12          924.515442E-03           176.502518E-03  
                   7.36308002E+03           2.64832234E-03         332.411865E+06           894.156555E+06           928.45929E+06            371.762146E-03           981.973328E-03            10.3603249                8.75248718               1.60783911               1.32171535               1.11659551             205.119583E-03            52.9764481E+12          924.520874E-03           176.498444E-03  
                   7.36912012E+03           3.15557289E-03         331.627136E+06           898.844849E+06           930.81488E+06            368.950195E-03           982.358398E-03            10.3609457                8.75111294               1.60983551               1.32179451               1.11642027             205.374252E-03            63.1214561E+12          924.525146E-03           176.495316E-03  
                   7.37516022E+03           3.68867588E-03         330.283783E+06           903.772461E+06           932.75061E+06            365.452209E-03           981.504089E-03            10.3613214                8.7494297                1.61189306               1.32184231               1.11620545             205.636719E-03            73.7835159E+12          924.527832E-03           176.493423E-03  
                   7.38120031E+03           4.24965858E-03         328.668549E+06           908.957397E+06           934.555481E+06           361.590698E-03           977.403992E-03            10.3615294                8.74749851               1.61402988               1.32186866               1.11595941             205.909317E-03            85.0031967E+12          924.529236E-03           176.49234E-03   
                   7.38724041E+03           4.83751583E-03         326.912537E+06           914.390991E+06           936.348389E+06           357.521759E-03           963.033936E-03            10.3616285                8.74537849               1.61625171               1.32188129               1.11568868             206.192825E-03            96.7603378E+12          924.53009E-03            176.491791E-03  
                   7.39327955E+03           5.44946861E-03         325.219299E+06           920.047363E+06           938.319763E+06           353.483551E-03           948.749817E-03            10.3616781                8.74312401               1.61855578               1.32188797               1.11540115             206.486771E-03           108.99939E+12            924.530396E-03           176.491486E-03  
                   7.39931965E+03           6.08687449E-03         323.68277E+06            925.938904E+06           940.578369E+06           349.575165E-03           935.208862E-03            10.3617439                8.74078846               1.62095642               1.32189584               1.11510313             206.79303E-03            121.747467E+12           924.530945E-03           176.491119E-03  
                   7.40535975E+03           6.74977207E-03         322.41806E+06            932.065918E+06           943.249268E+06           345.920288E-03           922.877502E-03            10.3618851                8.73842525               1.62346256               1.32191443               1.11480165             207.112717E-03           135.005417E+12           924.531799E-03           176.490356E-03  
                   7.41139984E+03           7.43634987E-03         321.531433E+06           938.411926E+06           946.440979E+06           342.636444E-03           912.140869E-03            10.3621655                8.73609161               1.62607586               1.32195008               1.11450386             207.446136E-03           148.736984E+12           924.533813E-03           176.488968E-03  
                   7.41743994E+03           8.15120697E-03         321.072876E+06           944.843384E+06           950.125183E+06           339.818542E-03           903.141785E-03            10.3626509                8.73382759               1.62882364               1.32201195               1.11421525             207.796646E-03           163.034149E+12           924.536926E-03           176.486557E-03  
                   7.42348003E+03           8.89764309E-03         321.060394E+06           951.14563E+06            954.191101E+06           337.553741E-03           896.19574E-03             10.3634071                8.73167896               1.63172746               1.32210827               1.11394095             208.167114E-03           177.96286E+12            924.542053E-03           176.482773E-03  
                   7.42952013E+03           9.67812538E-03         321.534302E+06           957.33252E+06            958.698059E+06           335.867065E-03           891.415649E-03            10.3644838                8.72968102               1.63480496               1.32224572               1.11368608             208.559708E-03           193.57254E+12            924.549377E-03           176.477478E-03  
                   7.43556023E+03          10.5116272E-03          322.581848E+06           962.4328E+06             963.104187E+06           335.17453E-03            889.363281E-03            10.3659849                8.72784519               1.63814032               1.32243752               1.11345196             208.98526E-03            210.242493E+12           924.559448E-03           176.470001E-03  
                   7.44160032E+03          11.4049101E-03          324.161743E+06           966.951172E+06           967.715271E+06           335.242157E-03           890.464355E-03            10.3680067                8.72623253               1.64177454               1.32269514               1.11324632             209.448853E-03           228.1082E+12             924.573059E-03           176.460022E-03  
                   7.44763994E+03          12.3916283E-03          327.030762E+06           971.942261E+06           974.005371E+06           336.472595E-03           895.569153E-03            10.3706474                8.72480202               1.64584732               1.32303226               1.11306369             209.968445E-03           247.842606E+12           924.590881E-03           176.446945E-03  
                   7.45368004E+03          13.5430222E-03          331.69342E+06            977.766174E+06           982.727417E+06           339.237366E-03           905.805237E-03            10.3742075                8.72354031               1.65066886               1.32348621               1.11290276             210.583542E-03           270.870422E+12           924.614807E-03           176.429398E-03  
                   7.45972013E+03          14.8848495E-03          337.016235E+06           984.553467E+06           992.748352E+06           342.305298E-03           917.075928E-03            10.3788376                8.72248173               1.65635681               1.32407689               1.11276758             211.309219E-03           297.707001E+12           924.645996E-03           176.40654E-03   
                   7.46575975E+03          16.4489689E-03          342.266968E+06           992.465515E+06             1.00340283E+09         344.867615E-03           926.668884E-03            10.3845539                8.72152233               1.6630336                1.32480633               1.11264527             212.160995E-03           328.98938E+12            924.684204E-03           176.378387E-03  
                   7.47179985E+03          18.2948303E-03          347.234131E+06             1.00180209E+09           1.01467299E+09         346.612091E-03           933.391968E-03            10.3913803                8.72045803               1.67092311               1.32567704               1.11250973             213.167511E-03           365.906586E+12           924.730042E-03           176.344772E-03  
                   7.47783995E+03          21.209383E-03           353.986206E+06             1.01326966E+09           1.029158E+09           349.351257E-03           941.736938E-03            10.4012594                8.71801853               1.68324256               1.32693756               1.11219811             214.739151E-03           424.197693E+12           924.796082E-03           176.296234E-03  
                   7.48388004E+03          26.1533031E-03          360.92276E+06              1.0248909E+09            1.04392147E+09         352.158386E-03           950.591614E-03            10.416976                 8.71300793               1.70396924               1.3289423                1.11155903             217.383362E-03           523.07605E+12            924.900879E-03           176.219193E-03  
                   7.48992014E+03          31.8646355E-03          365.048431E+06             1.03622198E+09           1.05558157E+09         352.288452E-03           948.996704E-03            10.4352179                8.70731735               1.7279017                1.33126962               1.11083305             220.436523E-03           637.302734E+12           925.022217E-03           176.130142E-03  
                   7.49595976E+03          38.0782433E-03          366.162201E+06             1.04384995E+09           1.06171E+09            350.781067E-03           942.411072E-03            10.4551554                8.70123291               1.75392365               1.33381295               1.11005676             223.756256E-03           761.574951E+12           925.154236E-03           176.033157E-03  
                   7.50199986E+03          44.6465874E-03          365.994171E+06             1.04966462E+09           1.06531477E+09         348.677551E-03           933.747803E-03            10.4762411                8.69484329               1.78139949               1.33650291               1.1092416              227.261459E-03           892.941833E+12           925.293274E-03           175.931046E-03  
                   7.50803995E+03          51.5931129E-03          365.593628E+06             1.05448091E+09           1.06801915E+09         346.704987E-03           925.971069E-03            10.4985065                8.68809319               1.81041527               1.33934391               1.10838079             230.963165E-03             1.03187227E+15         925.439392E-03           175.823685E-03  
                   7.51408005E+03          58.9918098E-03          365.548492E+06             1.05833173E+09           1.07046068E+09         345.400818E-03           920.662048E-03            10.522253                 8.68096924               1.84128284               1.34237313               1.10747182             234.901108E-03             1.17984605E+15         925.594482E-03           175.709717E-03  
                   7.52012014E+03          66.9103012E-03          365.733765E+06             1.06176364E+09           1.07286966E+09         344.458923E-03           916.671021E-03            10.5478439                8.67354202               1.87430263               1.34563756               1.10652435             239.113541E-03             1.33821583E+15         925.760986E-03           175.587524E-03  
                   7.52616024E+03          75.376915E-03           365.864807E+06             1.06497049E+09           1.07507217E+09         343.54483E-03            912.797729E-03            10.5754194                8.66583061               1.90959179               1.3491559                1.10554028             243.615524E-03             1.50754845E+15         925.939392E-03           175.456528E-03  
                   7.53220034E+03          84.4106979E-03          366.029602E+06             1.06803548E+09           1.07721591E+09         342.712952E-03           909.233032E-03            10.605093                 8.65786457               1.94722939               1.35294116               1.10452414             248.417175E-03             1.68822396E+15         926.130432E-03           175.316376E-03  
                   7.53824043E+03          94.0357132E-03          366.392365E+06             1.07101703E+09           1.07951331E+09         342.097687E-03           906.413635E-03            10.6369886                8.64967155               1.98731625               1.35701036               1.10347903             253.531281E-03             1.88072407E+15         926.334412E-03           175.166565E-03  
                   7.54427958E+03         104.167511E-03           367.001526E+06             1.07387388E+09           1.08198678E+09         341.754822E-03           904.349792E-03            10.6708708                8.64136887               2.02950144               1.36133277               1.10241961             258.912994E-03             2.08336067E+15         926.549988E-03           175.008362E-03  
                   7.55031967E+03         114.928436E-03           368.039734E+06             1.07670987E+09           1.08489823E+09         341.818726E-03           903.5755E-03              10.7073793                8.63305473               2.07432747               1.3659904                1.10135889             264.631683E-03             2.29857874E+15         926.780579E-03           174.839005E-03  
                   7.55635977E+03         126.25106E-03            369.187042E+06             1.07963586E+09           1.08798146E+09         341.955231E-03           902.926697E-03            10.7462759                8.62477016               2.12150574               1.37095261               1.10030234             270.650452E-03             2.52503109E+15         927.024719E-03           174.65979E-03   
                   7.56239986E+03         138.144196E-03           370.373505E+06             1.08240783E+09           1.09100366E+09         342.175659E-03           902.393433E-03            10.7875948                8.61652565               2.17106867               1.37622368               1.09925044             276.973389E-03             2.76289439E+15         927.282349E-03           174.47081E-03   
                   7.56843996E+03         150.728531E-03           371.870087E+06             1.08528352E+09           1.09441626E+09         342.648163E-03           902.46521E-03             10.8316708                8.60817528               2.22349739               1.38184702               1.09818506             283.661987E-03             3.01458025E+15         927.555115E-03           174.270676E-03  
                   7.57448006E+03         164.260208E-03           373.941925E+06             1.0881238E+09            1.09840453E+09         343.657684E-03           903.780457E-03            10.8792124                8.59940434               2.27980971               1.38791227               1.09706604             290.846008E-03             3.2852149E+15          927.846924E-03           174.056641E-03  
                   7.58052015E+03         178.940536E-03           376.553558E+06             1.09111118E+09           1.10304809E+09         345.110138E-03           906.061768E-03            10.9308882                8.59007263               2.34081769               1.39450467               1.09587562             298.62912E-03              3.57882094E+15         928.161316E-03           173.825989E-03  
                   7.58656025E+03         194.576843E-03           379.244385E+06             1.09408724E+09           1.10776138E+09         346.630707E-03           908.270081E-03            10.9863749                8.58060265               2.40577316               1.40158331               1.09466743             306.91571E-03              3.89154744E+15         928.495911E-03           173.580673E-03  
                   7.59259987E+03         211.145844E-03           382.044556E+06             1.09708011E+09           1.11259258E+09         348.237732E-03           910.362671E-03            11.0456791                8.57109451               2.47458553               1.40914893               1.09345436             315.694519E-03             4.22292757E+15         928.849854E-03           173.321045E-03  
                   7.59863997E+03         228.757492E-03           385.099121E+06             1.1001327E+09            1.11772084E+09         350.047913E-03           912.634521E-03            11.1091347                8.56144905               2.54768586               1.41724432               1.09222412             325.020264E-03             4.5751605E+15          929.224915E-03           173.046158E-03  
                   7.60468006E+03         247.666641E-03           388.640839E+06             1.10323024E+09           1.12337661E+09         352.275238E-03           915.569092E-03            11.1774874                8.55141258               2.62607718               1.42596424               1.09094334             335.020935E-03             4.95334291E+15         929.624268E-03           172.753342E-03  
                   7.61072016E+03         267.796021E-03           392.490051E+06             1.1063565E+09            1.12936175E+09         354.759247E-03           918.73999E-03             11.2507372                8.54125977               2.70947862               1.43530917               1.08964837             345.660858E-03             5.35593128E+15         930.047363E-03           172.443314E-03  
                   7.61675978E+03         288.994324E-03           396.511322E+06             1.10950029E+09           1.13553047E+09         357.378296E-03           921.952332E-03            11.3287592                8.53141308               2.79734826               1.44526291               1.08839202             356.870819E-03             5.77989483E+15         930.492432E-03           172.117096E-03  
                   7.62279987E+03         311.585327E-03           400.998566E+06             1.11269867E+09           1.14220583E+09         360.383759E-03           925.595703E-03            11.4124365                8.52149296               2.89094472               1.45593786               1.08712661             368.811432E-03             6.23171568E+15         930.963867E-03           171.771881E-03  
                   7.62883997E+03         335.367828E-03           405.804871E+06             1.11591208E+09           1.14921224E+09         363.653046E-03           929.523254E-03            11.5013418                8.51184368               2.98949957               1.46728015               1.08589566             381.38446E-03              6.7073679E+15          931.45752E-03            171.410217E-03  
                   7.63488007E+03         360.210571E-03           410.879059E+06             1.11911821E+09           1.15648317E+09         367.145416E-03           933.692322E-03            11.5952711                8.50273705               3.09253502               1.47926331               1.08473372             394.529236E-03             7.2042222E+15          931.97168E-03            171.03363E-03   
                   7.64091969E+03         386.084106E-03           416.220581E+06             1.12231171E+09           1.16401267E+09         370.860138E-03           938.053833E-03            11.6941833                8.49423122               3.19995308               1.49188173               1.08364868             408.233002E-03             7.72169256E+15         932.50531E-03            170.64299E-03   
                   7.64695978E+03         412.901611E-03           421.806702E+06             1.12548292E+09           1.17177093E+09         374.778351E-03           942.590637E-03            11.7979164                8.48647213               3.31144738               1.50511563               1.08265877             422.456787E-03             8.25804329E+15         933.056152E-03           170.239731E-03  
                   7.65299988E+03         440.65274E-03            427.667084E+06             1.12863111E+09           1.17978704E+09         378.925323E-03           947.325378E-03            11.906414                 8.47943306               3.4269824                1.5189569                1.08176076             437.196106E-03             8.81306458E+15         933.623291E-03           169.824814E-03  
                   7.65903997E+03         469.318878E-03           433.797058E+06             1.13175702E+09           1.18805516E+09         383.29538E-03            952.179382E-03            12.0197287                8.47319889               3.54653144               1.53341305               1.08096552             452.447601E-03             9.38638592E+15         934.205627E-03           169.398773E-03  
                   7.66508007E+03         498.895081E-03           440.202148E+06             1.13485813E+09           1.19657779E+09         387.891693E-03           957.090454E-03            12.1397209                8.47178173               3.6679399                1.54872096               1.0807848              467.93631E-03              9.96035767E+15         934.813965E-03           168.953751E-03  
                   7.67112017E+03         529.375732E-03           446.882751E+06             1.13793087E+09           1.20535254E+09         392.71524E-03            961.941162E-03            12.1787033                8.49352551               3.68518209               1.55369401               1.08355856             470.135712E-03            10.000001E+15           935.018311E-03           168.80426E-03   
                   7.67716026E+03         560.768616E-03           453.824036E+06             1.14097965E+09           1.21436405E+09         397.749451E-03           966.52063E-03             12.2150135                8.51928425               3.69573259               1.55832648               1.0868448              471.481812E-03            10.000001E+15           935.207642E-03           168.66568E-03   
                   7.68320036E+03         593.077515E-03           461.010986E+06             1.14401186E+09           1.22360134E+09         402.977417E-03           970.449524E-03            12.2505465                8.54449654               3.7060554                1.56285942               1.09006119             472.798676E-03            10.000001E+15           935.390869E-03           168.531601E-03  
                   7.68924046E+03         626.310364E-03           468.427765E+06             1.14702332E+09           1.23304391E+09         408.38559E-03            972.37262E-03             12.2843227                8.56846237               3.71586585               1.56716835               1.09311843             474.050293E-03            10.000001E+15           935.563293E-03           168.405533E-03  
                   7.6952796E+03          660.47699E-03            476.041718E+06             1.15001416E+09           1.24265611E+09         413.944275E-03           971.378296E-03            12.3167744                8.59148884               3.72529078               1.57130873               1.09605622             475.252625E-03            10.000001E+15           935.72699E-03            168.285721E-03  
                   7.70131969E+03         695.580566E-03           483.827881E+06             1.15298963E+09           1.25241482E+09         419.62912E-03            967.15918E-03             12.3481598                8.61375999               3.73440433               1.57531273               1.09889734             476.415283E-03            10.000001E+15           935.884033E-03           168.170959E-03  
                   7.70735979E+03         731.605408E-03           491.745178E+06             1.15594494E+09           1.26227283E+09         425.405304E-03           961.108032E-03            12.3786869                8.63542271               3.7432673                1.57920682               1.10166109             477.54599E-03             10.000001E+15           936.035278E-03           168.060394E-03  
                   7.71339989E+03         768.546631E-03           499.804016E+06             1.15888202E+09           1.27223957E+09         431.281189E-03           953.399353E-03            12.4085264                8.65660095               3.75192976               1.58301389               1.10436285             478.651062E-03            10.000001E+15           936.181641E-03           167.953369E-03  
                   7.71943998E+03         806.376526E-03           507.855621E+06             1.1617986E+09            1.28216267E+09         437.128754E-03           944.79541E-03             12.4377785                8.67736244               3.76042032               1.5867455                1.10701156             479.734253E-03            10.000001E+15           936.323914E-03           167.849396E-03  
                   7.72548008E+03         845.093445E-03           516.048767E+06             1.1646955E+09            1.29218626E+09         443.076111E-03           935.2854E-03              12.4665174                8.69776058               3.76876116               1.59041214               1.1096139              480.798279E-03            10.000001E+15           936.462524E-03           167.748093E-03  
                   7.73152018E+03         884.639465E-03           524.21814E+06              1.16757131E+09           1.30214274E+09         448.98172E-03            925.261108E-03            12.4948072                8.71784019               3.77696991               1.59402084               1.11217546             481.845551E-03            10.000001E+15           936.597717E-03           167.649292E-03  
                   7.73756027E+03         924.958069E-03           532.371826E+06             1.17041743E+09           1.31203115E+09         454.856445E-03           914.750732E-03            12.5226707                8.73762131               3.78505468               1.59757602               1.11469913             482.877075E-03            10.000001E+15           936.729919E-03           167.552795E-03  
                   7.74359989E+03         965.993896E-03           540.496155E+06             1.1732384E+09            1.32183671E+09         460.687592E-03           903.835449E-03            12.5501385                8.75711918               3.79302311               1.60107982               1.11718643             483.893555E-03            10.000001E+15           936.858887E-03           167.458481E-03  
                   7.74963999E+03           1.00766933             548.499023E+06             1.17601967E+09           1.33146012E+09         466.403107E-03           892.779602E-03            12.5771856                8.77632141               3.80086899               1.60453069               1.11963642             484.894501E-03            10.000001E+15           936.985046E-03           167.366348E-03  
                   7.75568008E+03           1.04990268             556.5755E+06               1.17876685E+09           1.34109437E+09         472.167755E-03           881.429504E-03            12.6038008                8.79521656               3.80858827               1.60792601               1.12204695             485.879303E-03            10.000001E+15           937.108154E-03           167.276413E-03  
                   7.7617197E+03            1.09256268             564.496643E+06             1.18147731E+09           1.35052013E+09         477.789337E-03           870.374146E-03            12.6299896                8.81381035               3.81618237               1.61126697               1.12441897             486.848206E-03            10.000001E+15           937.228394E-03           167.188614E-03  
                   7.7677598E+03            1.13556314             572.435303E+06             1.18414378E+09           1.35990942E+09         483.417755E-03           859.621277E-03            12.6556969                8.83206367               3.82363701               1.61454654               1.12674761             487.799133E-03            10.000001E+15           937.345581E-03           167.103119E-03  
                   7.7737999E+03            1.17880344             580.431335E+06             1.18676031E+09           1.36930442E+09         489.089752E-03           849.344788E-03            12.6808662                8.84993553               3.83093429               1.61775732               1.12902761             488.730072E-03            10.000001E+15           937.45929E-03            167.019989E-03  
                   7.77983999E+03           1.22216332             588.383667E+06             1.18932116E+09           1.37863445E+09         494.723328E-03           840.317078E-03            12.7054176                8.86737156               3.83805203               1.62088966               1.13125193             489.638092E-03            10.000001E+15           937.569519E-03           166.939529E-03  
                   7.78588009E+03           1.26552427             596.423706E+06             1.19182479E+09           1.38804102E+09         500.43042E-03            832.596008E-03            12.729188                 8.88425064               3.84494209               1.62392199               1.13340521             490.51709E-03             10.000001E+15           937.675598E-03           166.862183E-03  
                   7.79191971E+03           1.30876863             604.9328E+06               1.19426894E+09           1.39794886E+09         506.531952E-03           826.617065E-03            12.7519655                8.90042686               3.85154438               1.62682784               1.13546884             491.359314E-03            10.000001E+15           937.776245E-03           166.788605E-03  
                   7.7979598E+03            1.35178316             614.282654E+06             1.19664884E+09           1.40875816E+09         513.339478E-03           822.799866E-03            12.7735281                8.91573906               3.85779309               1.62957871               1.13742244             492.156555E-03            10.000001E+15           937.871033E-03           166.719376E-03  
                   7.8039999E+03            1.3944546              624.361389E+06             1.19896114E+09           1.42036498E+09         520.757507E-03           821.526978E-03            12.7937117                8.93007374               3.8636415                1.63215339               1.13925123             492.902679E-03            10.000001E+15           937.959229E-03           166.655029E-03  




