
                     X                  AVERAGE_UVARM1           AVERAGE_UVARM2           AVERAGE_UVARM3           AVERAGE_UVARM4           AVERAGE_UVARM5           AVERAGE_UVARM6           AVERAGE_UVARM7           AVERAGE_UVARM8           AVERAGE_UVARM9          AVERAGE_UVARM10          AVERAGE_UVARM11          AVERAGE_UVARM12          AVERAGE_UVARM13          AVERAGE_UVARM14          AVERAGE_UVARM15    

                   7.19999981E+03           0.                       0.                       0.                       0.                       0.                       0.                      10.3157949                8.72426701               1.59152806               1.31603432               1.11299539             203.038666E-03            10.0000038E+09          924.220581E-03           176.719238E-03  
                   7.20674992E+03           0.                       8.19469929E+06          19.9761486E+06           21.383255E+06           410.224304E-03           734.086365E-03            10.3158102                8.72428131               1.59153008               1.31603622               1.11299682             203.038895E-03            10.0000038E+09          924.220642E-03           176.719208E-03  
                   7.21350002E+03           0.                      16.3887825E+06           39.9525909E+06           42.7662163E+06          410.20578E-03            734.153748E-03            10.3158255                8.72429276               1.59153199               1.31603801               1.11299825             203.039276E-03            10.0000038E+09          924.220764E-03           176.719147E-03  
                   7.22025013E+03           0.                      24.5822449E+06           59.9293175E+06           64.14888E+06            410.187317E-03           734.220764E-03            10.3158398                8.7243042                1.59153414               1.31603992               1.11300004             203.039505E-03            10.0000038E+09          924.220825E-03           176.718994E-03  
                   7.22700024E+03           0.                      32.7750854E+06           79.9063492E+06           85.5312653E+06          410.168762E-03           734.288208E-03            10.3158512                8.72431755               1.59153605               1.31604147               1.1130017              203.039749E-03            10.0000038E+09          924.220825E-03           176.718979E-03  
                   7.23374987E+03           0.                      40.9673271E+06           99.8836594E+06          106.91333E+06            410.150391E-03           734.355286E-03            10.3158665                8.72432804               1.59153795               1.31604326               1.11300313             203.039993E-03            10.0000038E+09          924.220825E-03           176.718918E-03  
                   7.24049997E+03           0.                      49.1589432E+06          119.861275E+06           128.295105E+06           410.131897E-03           734.422546E-03            10.315877                 8.72433949               1.59153986               1.31604505               1.11300445             203.040253E-03            10.0000038E+09          924.220886E-03           176.718811E-03  
                   7.24725008E+03           0.                      57.3499374E+06          139.839188E+06           149.676605E+06           410.113403E-03           734.489563E-03            10.3158922                8.72434998               1.59154177               1.31604648               1.11300588             203.040497E-03            10.0000038E+09          924.221008E-03           176.718735E-03  
                   7.25400019E+03           0.                      65.5402908E+06          159.817352E+06           171.057816E+06           410.09494E-03            734.556824E-03            10.3159027                8.72436333               1.59154367               1.31604791               1.11300755             203.040741E-03            10.0000038E+09          924.221069E-03           176.718719E-03  
                   7.26074982E+03           0.                      73.7300415E+06          179.795868E+06           192.438675E+06           410.076508E-03           734.623962E-03            10.315917                 8.72437286               1.59154534               1.3160497                1.11300886             203.040939E-03            10.0000038E+09          924.221069E-03           176.718674E-03  
                   7.26749992E+03           0.                      81.9191895E+06          199.774612E+06           213.819321E+06           410.058014E-03           734.690918E-03            10.3159323                8.72438431               1.59154725               1.31605148               1.11301017             203.041183E-03            10.0000038E+09          924.221497E-03           176.718567E-03  
                   7.27425003E+03           0.                      90.1077423E+06          219.753708E+06           235.1996E+06             410.039551E-03           734.757874E-03            10.3159428                8.7243948                1.59154904               1.31605327               1.11301148             203.041412E-03            10.0000038E+09          924.221558E-03           176.718506E-03  
                   7.28100014E+03           0.                      98.2956619E+06          239.733109E+06           256.57962E+06            410.021118E-03           734.825012E-03            10.3159533                8.72440434               1.59155011               1.3160547                1.11301315             203.041656E-03            10.0000038E+09          924.221558E-03           176.718491E-03  
                   7.28774977E+03           0.                     106.482895E+06           259.712738E+06           277.95932E+06            410.002686E-03           734.891968E-03            10.3159647                8.72441483               1.59155202               1.31605601               1.1130141              203.041763E-03            10.0000038E+09          924.22168E-03            176.71843E-03   
                   7.29449987E+03           0.                     114.669632E+06           279.692688E+06           299.338806E+06           409.984253E-03           734.959106E-03            10.3159781                8.72442532               1.59155357               1.31605732               1.11301529             203.042007E-03            10.0000038E+09          924.221741E-03           176.718323E-03  
                   7.30124998E+03           0.                     122.855682E+06           299.672943E+06           320.717926E+06           409.965942E-03           735.026123E-03            10.3159895                8.72443485               1.59155536               1.31605911               1.11301696             203.042191E-03            10.0000038E+09          924.221741E-03           176.718262E-03  
                   7.30800009E+03           0.                     131.041138E+06           319.653473E+06           342.096863E+06           409.947418E-03           735.093079E-03            10.315999                 8.72444439               1.59155715               1.31606042               1.1130178              203.042435E-03            10.0000038E+09          924.221741E-03           176.718246E-03  
                   7.31475019E+03           0.                     139.225983E+06           339.634277E+06           363.475403E+06           409.928955E-03           735.159912E-03            10.3160095                8.72445488               1.59155893               1.31606174               1.11301911             203.042664E-03            10.0000038E+09          924.221741E-03           176.718185E-03  
                   7.32149982E+03           0.                     147.410187E+06           359.615479E+06           384.853638E+06           409.910614E-03           735.226746E-03            10.3160238                8.72446442               1.5915606                1.31606305               1.1130203              203.042877E-03            10.0000038E+09          924.221802E-03           176.718094E-03  
                   7.32824993E+03           0.                     155.593765E+06           379.596863E+06           406.231689E+06           409.892212E-03           735.293518E-03            10.3160343                8.72447205               1.59156156               1.31606483               1.11302149             203.043091E-03            10.0000038E+09          924.221924E-03           176.718048E-03  
                   7.33500004E+03           0.                     163.776779E+06           399.578583E+06           427.609192E+06           409.873779E-03           735.360413E-03            10.3160448                8.72448349               1.59156311               1.31606615               1.1130228              203.043198E-03            10.0000038E+09          924.221985E-03           176.718033E-03  
                   7.34175014E+03           0.                     171.959229E+06           419.560516E+06           448.986633E+06           409.855408E-03           735.427246E-03            10.3160543                8.72449112               1.59156477               1.31606698               1.11302364             203.043381E-03            10.0000038E+09          924.221985E-03           176.717972E-03  
                   7.34849977E+03           0.                     180.1409E+06             439.542847E+06           470.363678E+06           409.837097E-03           735.494019E-03            10.3160648                8.7244997                1.59156632               1.31606865               1.11302483             203.04361E-03             10.0000038E+09          924.221985E-03           176.71788E-03   
                   7.35524988E+03           0.                     188.322144E+06           459.52533E+06            491.740509E+06           409.818634E-03           735.560791E-03            10.3160753                8.72450733               1.59156728               1.31606996               1.11302602             203.043808E-03            10.0000038E+09          924.222473E-03           176.71785E-03   
                   7.36199999E+03           0.                     196.502655E+06           479.50824E+06            513.116943E+06           409.800293E-03           735.627502E-03            10.3160849                8.72451687               1.59156883               1.3160708                1.11302686             203.043915E-03            10.0000038E+09          924.222534E-03           176.717789E-03  
                   7.3687501E+03            0.                     204.682602E+06           499.491455E+06           534.493164E+06           409.781891E-03           735.694336E-03            10.3160954                8.72452545               1.5915705                1.31607246               1.11302841             203.044098E-03            10.0000038E+09          924.222534E-03           176.717789E-03  
                   7.3755002E+03            0.                     212.861847E+06           519.474854E+06           555.869141E+06           409.763641E-03           735.761047E-03            10.3161011                8.72453213               1.59157205               1.31607378               1.11302912             203.044327E-03            10.0000038E+09          924.222656E-03           176.717728E-03  
                   7.38224983E+03           0.                     221.040619E+06           539.458618E+06           577.244873E+06           409.745148E-03           735.827881E-03            10.3161154                8.72454071               1.59157288               1.31607449               1.11303031             203.044525E-03            10.0000038E+09          924.222656E-03           176.717621E-03  
                   7.38899994E+03           0.                     229.218658E+06           559.442688E+06           598.620178E+06           409.726868E-03           735.894531E-03            10.3161211                8.72454739               1.59157443               1.31607616               1.11303115             203.044617E-03            10.0000038E+09          924.222717E-03           176.717606E-03  
                   7.39575005E+03           0.                     237.396225E+06           579.427002E+06           619.995239E+06           409.708557E-03           735.96106E-03             10.3161306                8.72455597               1.59157586               1.31607699               1.11303234             203.0448E-03              10.0000038E+09          924.222717E-03           176.717545E-03  
                   7.40250015E+03           0.                     245.573105E+06           599.411621E+06           641.369995E+06           409.690247E-03           736.027588E-03            10.3161411                8.72456264               1.5915767                1.31607819               1.11303306             203.044998E-03            10.0000038E+09          924.222717E-03           176.717545E-03  
                   7.40924978E+03           0.                     253.879486E+06           619.352051E+06           662.819153E+06           409.911469E-03           735.224854E-03            10.3161469                8.72457123               1.59157813               1.3160795                1.11303425             203.045105E-03            10.0000038E+09          924.222717E-03           176.717484E-03  
                   7.41599989E+03           0.                     262.590973E+06           639.33551E+06            684.633606E+06           410.724854E-03           732.269958E-03            10.3161573                8.7245779                1.59157968               1.31608021               1.11303496             203.045273E-03            10.0000038E+09          924.222778E-03           176.717468E-03  
                   7.42275E+03              0.                     271.855713E+06           659.622498E+06           707.12323E+06            412.138428E-03           727.125793E-03            10.3161631                8.72458649               1.59158027               1.3160814                1.11303604             203.045471E-03            10.0000038E+09          924.222778E-03           176.717392E-03  
                   7.4295001E+03            0.                     281.832794E+06           680.511108E+06           730.632812E+06           414.148834E-03           719.790039E-03            10.3161755                8.72459316               1.59158194               1.31608224               1.11303675             203.045547E-03            10.0000038E+09          924.2229E-03             176.717331E-03  
                   7.43625021E+03           0.                     292.72345E+06            702.373657E+06           755.592651E+06           416.763031E-03           710.217346E-03            10.3161821                8.72459984               1.59158254               1.31608379               1.11303794             203.045761E-03            10.0000038E+09          924.2229E-03             176.717316E-03  
                   7.44299984E+03           0.                     304.823395E+06           725.751404E+06           782.632141E+06           420.010742E-03           698.270325E-03            10.3161917                8.72460747               1.59158397               1.3160845                1.1130383              203.045822E-03            10.0000038E+09          924.222961E-03           176.717316E-03  
                   7.44974995E+03           0.                     318.642761E+06           751.541687E+06           812.809387E+06           423.985504E-03           683.566101E-03            10.3161974                8.72461319               1.5915854                1.3160857                1.11303949             203.046005E-03            10.0000038E+09          924.222961E-03           176.717255E-03  
                   7.45650005E+03           0.                     335.2117E+06             781.561157E+06           848.26947E+06            428.899963E-03           665.254761E-03            10.3162069                8.72462082               1.59158599               1.31608641               1.11304009             203.046188E-03            10.0000038E+09          924.22345E-03            176.717239E-03  
                   7.46325016E+03           0.                     357.641388E+06           821.452759E+06           895.624695E+06           435.376831E-03           640.901794E-03            10.3162127                8.72462463               1.59158754               1.3160876                1.11304116             203.046249E-03            10.0000038E+09          924.22345E-03            176.717148E-03  
                   7.46999979E+03           1.20924199E-03         384.839294E+06           880.855042E+06           961.452332E+06           436.892853E-03           636.109009E-03            10.3191776                8.72263241               1.59654713               1.31646597               1.11278701             203.679001E-03            24.1948433E+12          924.243225E-03           176.702408E-03  
                   7.4767499E+03            3.33126235E-03         388.001984E+06           900.468872E+06           978.744873E+06           430.889008E-03           658.49823E-03             10.3245487                8.7192812                1.60526943               1.31715131               1.11235917             204.791763E-03            66.6352615E+12          924.279541E-03           176.675644E-03  
                   7.4835E+03               5.09834909E-03         390.533112E+06           916.802063E+06           992.995789E+06           425.973389E-03           676.643127E-03            10.3294392                8.71685314               1.61258841               1.31777501               1.11204946             205.72551E-03            101.976959E+12           924.312866E-03           176.651321E-03  
                   7.49025011E+03           6.65429783E-03         392.926392E+06           931.183472E+06             1.00562716E+09         421.964661E-03           691.357727E-03            10.3341846                8.71509171               1.61909366               1.31838024               1.11182475             206.555359E-03           133.095932E+12           924.344971E-03           176.627731E-03  
                   7.49700022E+03           8.0580225E-03          395.304688E+06           944.112732E+06             1.01713419E+09         418.704865E-03           703.31604E-03             10.3388071                8.71379757               1.62501037               1.31896996               1.11165953             207.31015E-03            161.170486E+12           924.376221E-03           176.604843E-03  
                   7.50374985E+03           9.41518784E-03         398.16629E+06            955.306763E+06             1.02772486E+09         416.794281E-03           710.303101E-03            10.3434629                8.71270752               1.63075626               1.31956387               1.11152053             208.043259E-03           188.313751E+12           924.407715E-03           176.581635E-03  
                   7.51049995E+03          10.9020586E-03          402.420685E+06           964.407593E+06             1.03789353E+09         417.272522E-03           708.663513E-03            10.348525                 8.711483                 1.63704479               1.32020998               1.11136425             208.845474E-03           218.051132E+12           924.442017E-03           176.55658E-03   
                   7.51725006E+03          12.5852203E-03          408.603577E+06           972.921448E+06             1.04916346E+09         419.975891E-03           698.706787E-03            10.354147                 8.7100029                1.64414525               1.32092714               1.11117542             209.751328E-03           251.714386E+12           924.47998E-03            176.528717E-03  
                   7.52400017E+03          14.3991947E-03          413.536133E+06           982.096985E+06             1.0599227E+09          421.074646E-03           694.74707E-03             10.360261                 8.70845699               1.65180349               1.32170689               1.11097836             210.728302E-03           287.993927E+12           924.520996E-03           176.498489E-03  
                   7.5307498E+03           16.2562084E-03          416.811523E+06           991.490173E+06             1.06952572E+09         420.389008E-03           697.390686E-03            10.3665619                8.70691586               1.6596477                1.32251096               1.11078167             211.729004E-03           325.134125E+12           924.563293E-03           176.467361E-03  
                   7.5374999E+03           18.0759983E-03          419.254333E+06             1.00069511E+09           1.07831752E+09         418.963196E-03           702.681641E-03            10.3728104                8.70546913               1.66734266               1.32330787               1.11059701             212.710724E-03           361.53006E+12            924.605225E-03           176.436508E-03  
                   7.54425001E+03          19.8254032E-03          421.349182E+06             1.00954378E+09           1.08655643E+09         417.365997E-03           708.52948E-03             10.3789539                8.70419693               1.67475867               1.32409155               1.11043477             213.656754E-03           396.517975E+12           924.646301E-03           176.406219E-03  
                   7.55100012E+03          21.9825764E-03          424.404205E+06             1.01508737E+09           1.09313846E+09         418.096375E-03           706.179138E-03            10.3861694                8.70232201               1.68384624               1.32501233               1.11019576             214.816162E-03           439.66156E+12            924.694763E-03           176.370743E-03  
                   7.55775023E+03          24.3601131E-03          429.510651E+06             1.0206759E+09            1.10137069E+09         420.810059E-03           696.176514E-03            10.3939819                8.70014477               1.69383764               1.32600856               1.10991776             216.09082E-03            487.212219E+12           924.746948E-03           176.332321E-03  
                   7.56449986E+03          26.8319302E-03          435.234406E+06             1.02648604E+09           1.11023068E+09         424.004242E-03           684.285217E-03            10.4023294                8.69807434               1.70425498               1.32707381               1.10965383             217.419754E-03           536.648499E+12           924.802734E-03           176.291336E-03  
                   7.57124996E+03          29.526371E-03           440.121796E+06             1.03281963E+09           1.11881351E+09         426.136078E-03           676.465759E-03            10.4114971                8.69588184               1.71561563               1.32824349               1.10937417             218.869202E-03           590.537415E+12           924.864014E-03           176.246445E-03  
                   7.57800007E+03          32.8636322E-03          443.675018E+06             1.03744817E+09           1.12509871E+09         427.659943E-03           671.362427E-03            10.4224157                8.69280434               1.72961378               1.32963645               1.10898125             220.654907E-03           657.282776E+12           924.936401E-03           176.193085E-03  
                   7.58475018E+03          36.7206116E-03          447.794861E+06             1.04218328E+09           1.13188243E+09         429.670013E-03           664.23468E-03             10.4346409                8.68892384               1.74571919               1.33119583               1.10848641             222.709549E-03           734.421997E+12           925.017517E-03           176.133453E-03  
                   7.59149981E+03          40.8559952E-03          451.515259E+06             1.04684567E+09           1.13829875E+09         431.310181E-03           658.535889E-03            10.44841                  8.6853323                1.76307702               1.33295214               1.10802817             224.923965E-03           817.130005E+12           925.108704E-03           176.066498E-03  
                   7.59824991E+03          45.7233925E-03          455.84671E+06              1.05046558E+09           1.14439571E+09         433.947174E-03           649.22998E-03             10.465107                 8.68153954               1.78357005               1.33508253               1.10754406             227.538406E-03           914.477905E+12           925.219299E-03           175.985458E-03  
                   7.60500002E+03          51.3374748E-03          460.513763E+06             1.05434716E+09           1.15092862E+09         436.776215E-03           639.165466E-03            10.4839258                8.67681026               1.80711746               1.33748353               1.10694087             230.542404E-03             1.02675939E+15         925.342957E-03           175.894485E-03  
                   7.61175013E+03          57.771286E-03           464.806274E+06             1.05771923E+09           1.15677249E+09         439.442139E-03           629.651428E-03            10.5037136                8.6699276                1.83378637               1.34000766               1.10606301             233.944733E-03             1.15543592E+15         925.472534E-03           175.799316E-03  




