
                     X                  AVERAGE_UVARM1           AVERAGE_UVARM2           AVERAGE_UVARM3           AVERAGE_UVARM4           AVERAGE_UVARM5           AVERAGE_UVARM6           AVERAGE_UVARM7           AVERAGE_UVARM8           AVERAGE_UVARM9          AVERAGE_UVARM10          AVERAGE_UVARM11          AVERAGE_UVARM12          AVERAGE_UVARM13          AVERAGE_UVARM14          AVERAGE_UVARM15    

                   7.19999981E+03           0.                       0.                       0.                       0.                       0.                       0.                      10.3157949                8.72426701               1.59152794               1.31603432               1.11299539             203.038681E-03            10.0000038E+09          924.220581E-03           176.719238E-03  
                   7.20554972E+03           0.                       6.75881195E+06          14.8358383E+06           16.3916874E+06          455.573364E-03           563.087585E-03            10.3158064                8.72427845               1.59152913               1.31603563               1.11299682             203.038895E-03            10.0000038E+09          924.220642E-03           176.719223E-03  
                   7.2111001E+03            0.                      13.5171127E+06           29.6718407E+06           32.7831573E+06          455.553589E-03           563.165405E-03            10.3158169                8.72428799               1.59153092               1.31603694               1.11299813             203.039108E-03            10.0000038E+09          924.220764E-03           176.719177E-03  
                   7.21665001E+03           0.                      20.2749062E+06           44.5080299E+06           49.1744232E+06          455.533844E-03           563.243225E-03            10.3158274                8.72429752               1.59153247               1.31603837               1.11299932             203.039352E-03            10.0000038E+09          924.220764E-03           176.719086E-03  
                   7.22220039E+03           0.                      27.032177E+06            59.3443756E+06           65.5654526E+06          455.513977E-03           563.320923E-03            10.3158417                8.72430897               1.59153426               1.31604016               1.11300075             203.039566E-03            10.0000038E+09          924.220825E-03           176.718994E-03  
                   7.22774982E+03           0.                      33.7889633E+06           74.1808929E+06           81.9562912E+06          455.494141E-03           563.398499E-03            10.315855                 8.7243185                1.59153616               1.31604183               1.11300194             203.039795E-03            10.0000038E+09          924.220825E-03           176.718979E-03  
                   7.23329973E+03           0.                      40.5452385E+06           89.0176086E+06           98.3468933E+06          455.474426E-03           563.476318E-03            10.3158627                8.72432709               1.59153771               1.31604314               1.11300302             203.039993E-03            10.0000038E+09          924.220886E-03           176.718933E-03  
                   7.23885012E+03           0.                      47.300972E+06           103.854439E+06           114.737282E+06           455.454651E-03           563.553833E-03            10.3158731                8.72433853               1.59153938               1.31604445               1.11300409             203.040131E-03            10.0000038E+09          924.220947E-03           176.718842E-03  
                   7.24440002E+03           0.                      54.0562477E+06          118.691483E+06           131.127487E+06           455.434814E-03           563.631653E-03            10.3158865                8.72434711               1.59154058               1.31604576               1.11300564             203.040344E-03            10.0000038E+09          924.220947E-03           176.71875E-03   
                   7.24995041E+03           0.                      60.8109741E+06          133.528687E+06           147.51741E+06            455.414978E-03           563.709167E-03            10.315897                 8.7243557                1.59154201               1.31604719               1.11300659             203.040543E-03            10.0000038E+09          924.221069E-03           176.718735E-03  
                   7.25549984E+03           0.                      67.565239E+06           148.366074E+06           163.907196E+06           455.395325E-03           563.786804E-03            10.3159075                8.72436428               1.59154379               1.31604838               1.11300766             203.040756E-03            10.0000038E+09          924.221069E-03           176.718719E-03  
                   7.26104975E+03           0.                      74.3189392E+06          163.203613E+06           180.296738E+06           455.375549E-03           563.86438E-03             10.315918                 8.72437382               1.59154558               1.3160497                1.11300886             203.04097E-03             10.0000038E+09          924.221069E-03           176.718689E-03  
                   7.26660013E+03           0.                      81.0721436E+06          178.041382E+06           196.686035E+06           455.355682E-03           563.941833E-03            10.3159285                8.72438049               1.59154677               1.31605148               1.11300981             203.041168E-03            10.0000038E+09          924.221497E-03           176.718597E-03  
                   7.27215004E+03           0.                      87.8248444E+06          192.879257E+06           213.075134E+06           455.33606E-03            564.01947E-03             10.315938                 8.72439289               1.59154797               1.31605244               1.11301136             203.041306E-03            10.0000038E+09          924.221497E-03           176.718521E-03  
                   7.27770042E+03           0.                      94.5770721E+06          207.717331E+06           229.464066E+06           455.316284E-03           564.096863E-03            10.3159485                8.72440052               1.59154952               1.31605363               1.11301231             203.041489E-03            10.0000038E+09          924.221558E-03           176.718506E-03  
                   7.28324986E+03           0.                     101.328781E+06           222.555573E+06           245.852737E+06           455.296478E-03           564.174316E-03            10.315959                 8.7244091                1.5915513                1.3160553                1.11301339             203.041702E-03            10.0000038E+09          924.22168E-03            176.71846E-03   
                   7.28879976E+03           0.                     108.079987E+06           237.393982E+06           262.24118E+06            455.276794E-03           564.251892E-03            10.3159676                8.72441673               1.59155238               1.31605625               1.11301434             203.04187E-03             10.0000038E+09          924.22168E-03            176.718445E-03  
                   7.29435015E+03           0.                     114.830688E+06           252.232498E+06           278.629425E+06           455.25705E-03            564.329285E-03            10.3159781                8.72442436               1.59155345               1.31605732               1.11301541             203.042023E-03            10.0000038E+09          924.221741E-03           176.718353E-03  
                   7.29990005E+03           0.                     121.580811E+06           267.071289E+06           295.017426E+06           455.237305E-03           564.406677E-03            10.3159866                8.72443295               1.59155524               1.31605887               1.11301649             203.042206E-03            10.0000038E+09          924.221741E-03           176.718262E-03  
                   7.30544996E+03           0.                     128.330444E+06           281.910217E+06           311.405273E+06           455.21756E-03            564.48407E-03             10.3159952                8.72444057               1.59155655               1.31605983               1.11301744             203.042404E-03            10.0000038E+09          924.221802E-03           176.718262E-03  
                   7.31099987E+03           0.                     135.079605E+06           296.749268E+06           327.792908E+06           455.197876E-03           564.561401E-03            10.3160067                8.72444916               1.59155762               1.31606102               1.11301851             203.042511E-03            10.0000038E+09          924.221802E-03           176.718216E-03  
                   7.31654978E+03           0.                     141.828278E+06           311.588562E+06           344.180298E+06           455.178101E-03           564.638855E-03            10.3160143                8.72445583               1.59155905               1.31606209               1.11301935             203.042679E-03            10.0000038E+09          924.221863E-03           176.718201E-03  
                   7.32210016E+03           0.                     148.576462E+06           326.42807E+06            360.567535E+06           455.158447E-03           564.716248E-03            10.3160238                8.72446346               1.59156036               1.31606317               1.11302042             203.042892E-03            10.0000038E+09          924.221863E-03           176.718109E-03  
                   7.32765007E+03           0.                     155.324112E+06           341.26767E+06            376.954468E+06           455.138733E-03           564.793579E-03            10.3160324                8.72447109               1.59156144               1.3160646                1.11302125             203.042984E-03            10.0000038E+09          924.221985E-03           176.718048E-03  
                   7.33319998E+03           0.                     162.071259E+06           356.107513E+06           393.341217E+06           455.118988E-03           564.87085E-03             10.31604                  8.72447872               1.59156287               1.31606555               1.11302233             203.043167E-03            10.0000038E+09          924.221985E-03           176.718033E-03  
                   7.33874989E+03           0.                     168.817902E+06           370.947449E+06           409.727783E+06           455.099396E-03           564.94812E-03             10.3160486                8.7244854                1.59156382               1.31606674               1.11302316             203.043365E-03            10.0000038E+09          924.222046E-03           176.718018E-03  
                   7.34429979E+03           0.                     175.564072E+06           385.787537E+06           426.114136E+06           455.079651E-03           565.02533E-03             10.3160563                8.72449398               1.59156489               1.31606781               1.11302423             203.043457E-03            10.0000038E+09          924.222046E-03           176.717987E-03  
                   7.34985018E+03           0.                     182.309723E+06           400.627838E+06           442.500183E+06           455.059875E-03           565.102478E-03            10.3160667                8.72450066               1.59156656               1.31606877               1.11302507             203.04364E-03             10.0000038E+09          924.222473E-03           176.717911E-03  
                   7.35540009E+03           0.                     189.05481E+06            415.468384E+06           458.8862E+06             455.040314E-03           565.179688E-03            10.3160744                8.72450829               1.59156728               1.31606972               1.1130259              203.043793E-03            10.0000038E+09          924.222473E-03           176.71788E-03   
                   7.36094999E+03           0.                     195.799423E+06           430.30896E+06            475.271881E+06           455.020538E-03           565.256775E-03            10.3160839                8.72451591               1.59156859               1.31607068               1.11302686             203.04393E-03             10.0000038E+09          924.222534E-03           176.717804E-03  
                   7.3664999E+03            0.                     202.560516E+06           445.14624E+06            491.666321E+06           455.042664E-03           565.170166E-03            10.3160896                8.72452259               1.5915699                1.31607187               1.11302781             203.044098E-03            10.0000038E+09          924.222534E-03           176.717789E-03  
                   7.37204981E+03           0.                     209.408905E+06           459.978851E+06           508.11731E+06            455.257904E-03           564.327148E-03            10.3160992                8.72452831               1.59157062               1.3160727                1.11302865             203.044235E-03            10.0000038E+09          924.222656E-03           176.717773E-03  
                   7.37760019E+03           0.                     216.379288E+06           474.82843E+06            524.665894E+06           455.700073E-03           562.592468E-03            10.3161049                8.72453308               1.59157228               1.31607389               1.11302948             203.044357E-03            10.0000038E+09          924.222656E-03           176.717743E-03  
                   7.3831501E+03            0.                     223.494949E+06           489.722748E+06           541.349243E+06           456.370453E-03           559.960205E-03            10.3161144                8.72454071               1.59157288               1.31607461               1.11303043             203.04451E-03             10.0000038E+09          924.222717E-03           176.717667E-03  
                   7.38870001E+03           0.                     230.781219E+06           504.691162E+06           558.207581E+06           457.272217E-03           556.413879E-03            10.3161201                8.72454739               1.59157431               1.31607568               1.11303115             203.044601E-03            10.0000038E+09          924.222717E-03           176.717636E-03  
                   7.39424992E+03           0.                     238.26265E+06            519.766296E+06           575.282227E+06           458.403595E-03           551.955994E-03            10.3161297                8.72455502               1.59157503               1.31607652               1.11303198             203.0448E-03              10.0000038E+09          924.222717E-03           176.71756E-03   
                   7.39979982E+03           0.                     245.960953E+06           534.982483E+06           592.613525E+06           459.755127E-03           546.617065E-03            10.3161354                8.72456169               1.59157622               1.31607759               1.1130327              203.044876E-03            10.0000038E+09          924.222717E-03           176.717545E-03  
                   7.40535021E+03           0.                     253.901581E+06           550.379395E+06           610.248779E+06           461.321075E-03           540.413635E-03            10.316144                 8.72456646               1.59157717               1.31607842               1.11303353             203.045044E-03            10.0000038E+09          924.222778E-03           176.717529E-03  
                   7.41090012E+03           0.                     262.113525E+06           565.997864E+06           628.237549E+06           463.099609E-03           533.344238E-03            10.3161478                8.72457123               1.59157813               1.31607926               1.11303437             203.045135E-03            10.0000038E+09          924.222778E-03           176.717499E-03  
                   7.41645002E+03           0.                     270.631165E+06           581.893372E+06           646.64447E+06            465.087189E-03           525.414062E-03            10.3161554                8.7245779                1.59157908               1.31608021               1.11303496             203.045288E-03            10.0000038E+09          924.222839E-03           176.717484E-03  
                   7.42199993E+03           0.                     279.494476E+06           598.121155E+06           665.537354E+06           467.287476E-03           516.597229E-03            10.3161621                8.72458458               1.59158003               1.31608117               1.1130358              203.04538E-03             10.0000038E+09          924.222839E-03           176.717438E-03  
                   7.42754984E+03           0.                     288.753937E+06           614.754822E+06           685.004089E+06           469.705902E-03           506.86026E-03             10.3161697                8.7245903                1.59158099               1.31608212               1.11303639             203.045547E-03            10.0000038E+09          924.222961E-03           176.717407E-03  
                   7.43310022E+03           0.                     298.469788E+06           631.885437E+06           705.153015E+06           472.3479E-03             496.165955E-03            10.3161774                8.72459412               1.59158194               1.31608272               1.11303723             203.04567E-03             10.0000038E+09          924.222961E-03           176.717331E-03  
                   7.43865013E+03           0.                     308.723511E+06           649.630188E+06           726.125671E+06           475.229706E-03           484.432129E-03            10.3161821                8.72460079               1.59158289               1.31608379               1.11303794             203.045792E-03            10.0000038E+09          924.222961E-03           176.717316E-03  
                   7.44420004E+03           0.                     319.621185E+06           668.145569E+06           748.109497E+06           478.370605E-03           471.559113E-03            10.3161898                8.72460651               1.59158385               1.3160845                1.11303854             203.045883E-03            10.0000038E+09          924.223022E-03           176.717316E-03  
                   7.44974995E+03           0.                     331.312805E+06           687.650879E+06           771.368225E+06           481.803711E-03           457.385162E-03            10.3161936                8.72461128               1.5915848                1.31608522               1.11303926             203.045975E-03            10.0000038E+09          924.223022E-03           176.717285E-03  
                   7.45529985E+03           0.                     344.017303E+06           708.483398E+06           796.302979E+06           485.568481E-03           441.713837E-03            10.3162003                8.724617                 1.59158564               1.31608593               1.11303997             203.046082E-03            10.0000038E+09          924.223083E-03           176.71727E-03   
                   7.46085024E+03           0.                     358.075989E+06           731.18512E+06            823.551819E+06           489.719849E-03           424.272247E-03            10.3162069                8.72462177               1.59158647               1.31608677               1.11304069             203.046188E-03            10.0000038E+09          924.223328E-03           176.717209E-03  
                   7.46639967E+03           0.                     374.093597E+06           756.792419E+06           854.315491E+06           494.314606E-03           404.761139E-03            10.3162117                8.72462654               1.59158719               1.31608748               1.11304128             203.04631E-03             10.0000038E+09          924.22345E-03            176.717178E-03  
                   7.47195005E+03           0.                     393.320496E+06           787.777405E+06           891.374023E+06           499.278809E-03           383.427307E-03            10.3162193                8.72463036               1.59158814               1.31608832               1.11304176             203.046417E-03            10.0000038E+09          924.22345E-03            176.717117E-03  
                   7.47749996E+03           0.                     417.065796E+06           827.608032E+06           938.418335E+06           503.941406E-03           363.20282E-03             10.3162193                8.72463322               1.59158826               1.31608844               1.11304176             203.046432E-03            10.0000038E+09          924.22345E-03            176.717117E-03  
                   7.48304987E+03         165.187698E-06           440.520538E+06           871.205078E+06           988.577087E+06           505.64505E-03            355.62323E-03             10.3166018                8.72433949               1.59226274               1.31613696               1.11300457             203.132431E-03             3.31375265E+12         924.22583E-03            176.715286E-03  
                   7.48860025E+03           1.27204502E-03         444.458679E+06           881.435547E+06           999.609131E+06           504.24408E-03            362.10791E-03             10.3198566                8.72297859               1.59687924               1.3165524                1.11283088             203.72139E-03             25.4508934E+12          924.247925E-03           176.699005E-03  
                   7.49414968E+03           2.32374573E-03         447.640564E+06           891.156372E+06             1.00978565E+09         502.314148E-03           370.71109E-03             10.3229103                8.72165298               1.60125923               1.3169421                1.11266184             204.280151E-03            46.4849014E+12          924.268677E-03           176.683762E-03  
                   7.49970007E+03           3.31468487E-03         450.757568E+06           900.315552E+06             1.01941144E+09         500.666016E-03           377.940277E-03            10.3258286                8.72043705               1.60539079               1.31731391               1.11250687             204.807236E-03            66.3036804E+12          924.288269E-03           176.669281E-03  
                   7.50524998E+03           4.26387215E-03         454.164062E+06           909.088684E+06             1.02883399E+09         499.581512E-03           382.630066E-03            10.3286905                8.71933556               1.60935736               1.31767952               1.11236608             205.313232E-03            85.2874374E+12          924.307861E-03           176.655014E-03  
                   7.51079988E+03           5.18699312E-03         458.046783E+06           917.621399E+06             1.03828669E+09         499.167633E-03           384.367249E-03            10.3315639                8.71833706               1.61322641               1.31804585               1.11223888             205.806839E-03           103.749878E+12           924.327087E-03           176.640747E-03  
                   7.51635027E+03           6.10572529E-03         462.458344E+06           926.113098E+06             1.04797781E+09         499.353973E-03           383.489166E-03            10.3345137                8.71742535               1.61709023               1.31842244               1.11212254             206.299774E-03           122.124519E+12           924.347168E-03           176.626083E-03  
                   7.5218997E+03            7.039783E-03           467.425018E+06           934.746582E+06             1.05808032E+09         500.05542E-03            380.383606E-03            10.3375893                8.71656132               1.6210283                1.31881464               1.11201227             206.802216E-03           140.805618E+12           924.368042E-03           176.610764E-03  
                   7.52745008E+03           8.02924919E-03         472.926178E+06           943.869263E+06             1.06889272E+09         501.050598E-03           376.080505E-03            10.3408852                8.71568203               1.62520504               1.31923521               1.11190009             207.335007E-03           160.594986E+12           924.390076E-03           176.594421E-03  
                   7.53299999E+03           9.15294361E-03         478.36673E+06            953.271851E+06             1.07992578E+09         501.815918E-03           372.860901E-03            10.3445883                8.71464634               1.62994146               1.31970727               1.11176801             207.939209E-03           183.068848E+12           924.415161E-03           176.576065E-03  
                   7.5385499E+03           10.5378685E-03          482.786621E+06           962.565491E+06             1.09038603E+09         501.562225E-03           374.474243E-03            10.3489456                8.71319962               1.63574719               1.32026362               1.11158347             208.679947E-03           210.767365E+12           924.444885E-03           176.554443E-03  
                   7.54410028E+03          12.1008921E-03          485.538849E+06           970.471558E+06             1.09874141E+09         500.312439E-03           380.113922E-03            10.3537197                8.71144485               1.64227712               1.32087266               1.11135948             209.51297E-03            242.027832E+12           924.476807E-03           176.530807E-03  
                   7.54964972E+03          13.5990438E-03          488.661804E+06           978.049377E+06             1.10695827E+09         499.628693E-03           382.936462E-03            10.3584213                8.70987034               1.64855182               1.32147253               1.11115861             210.313492E-03           271.990875E+12           924.508423E-03           176.507538E-03  
                   7.5552001E+03           15.0417814E-03          492.491974E+06           985.347229E+06             1.11529267E+09         499.815704E-03           381.943298E-03            10.3631544                8.70853233               1.65462339               1.32207596               1.11098778             211.088043E-03           300.845642E+12           924.540405E-03           176.484177E-03  
                   7.56075001E+03          16.4552345E-03          497.276917E+06           992.496887E+06             1.12398946E+09         501.036163E-03           376.458344E-03            10.3679905                8.70739365               1.66059971               1.32269335               1.1108427              211.850479E-03           329.114685E+12           924.572937E-03           176.460236E-03  
                   7.56629992E+03          17.9037533E-03          503.281738E+06           999.823792E+06             1.1334511E+09          503.370392E-03           366.090759E-03            10.3730783                8.70633888               1.66674244               1.32334244               1.11070836             212.634125E-03           358.08493E+12            924.606934E-03           176.43515E-03   
                   7.5718503E+03           19.532671E-03           510.878082E+06             1.00806308E+09           1.14447916E+09         506.791718E-03           350.905884E-03            10.3787622                8.70512199               1.67364252               1.32406723               1.11055291             213.51442E-03            390.663391E+12           924.645081E-03           176.407135E-03  
                   7.57739973E+03          21.9823036E-03          515.552856E+06             1.01508653E+09           1.15315711E+09         507.890411E-03           347.397827E-03            10.3865242                8.70262623               1.68389857               1.32505739               1.11023474             214.822861E-03           439.656128E+12           924.697083E-03           176.368942E-03  
                   7.58295012E+03          24.7923927E-03          519.473938E+06             1.02169216E+09           1.16100872E+09         508.444733E-03           345.555908E-03            10.3950014                8.69940948               1.69559336               1.32613909               1.1098243              216.314713E-03           495.857849E+12           924.753845E-03           176.327332E-03  
                   7.58850002E+03          27.7298012E-03          524.337891E+06             1.02859664E+09           1.1695056E+09          509.760437E-03           339.764862E-03            10.4040079                8.69617844               1.70783126               1.32728791               1.10941207             217.876022E-03           554.606079E+12           924.814026E-03           176.283173E-03  
                   7.59404993E+03          31.3159409E-03          530.300964E+06             1.03554845E+09           1.17863226E+09         512.096558E-03           330.01767E-03             10.4148598                8.69212246               1.72273958               1.32867241               1.10889447             219.777969E-03           626.328796E+12           924.88623E-03            176.230118E-03  




