
                     X                  Cbar_L_Point_A           Cbar_L_Point_B           Cbar_L_Point_C    

                   8.5E+03                 20.3975964               20.0000038               19.6107407     
                  18.5E+03                 20.5855217               20.0000019               19.4305191     
                  28.5E+03                 20.7074471               20.                      19.3153076     
                  38.5E+03                 20.7986031               20.0000019               19.2301044     
                  48.5E+03                 20.8710327               20.0000019               19.1629372     
                  58.5E+03                 20.930645                20.0000076               19.1079979     
                  68.5E+03                 20.9808731               20.0000114               19.0619297     
                  78.5E+03                 21.0239124               20.0000172               19.0226173     
                  88.5E+03                 21.0612755               20.0000229               18.988615      
                  98.5E+03                 21.0940399               20.0000305               18.9588795     
                 108.5E+03                 21.1230125               20.0000362               18.9326572     
                 118.5E+03                 21.1488228               20.0000401               18.9093628     
                 128.5E+03                 21.1719398               20.0000477               18.8885403     
                 138.5E+03                 21.1927643               20.0000534               18.8698235     
                 148.5E+03                 21.2115974               20.0000591               18.8529263     
                 158.5E+03                 21.2287102               20.0000687               18.8376045     
                 168.5E+03                 21.2443047               20.0000763               18.8236675     
                 178.5E+03                 21.2585697               20.0000801               18.8109379     
                 188.5E+03                 21.271656                20.0000858               18.7992859     
                 198.5E+03                 21.2836933               20.0000935               18.7885838     
                 208.5E+03                 21.2947941               20.000103                18.7787266     
                 218.5E+03                 21.3050499               20.0001106               18.7696342     
                 228.5E+03                 21.3145523               20.0001144               18.7612247     
                 238.5E+03                 21.3233681               20.0001202               18.7534313     
                 248.5E+03                 21.3315659               20.0001297               18.7461987     
                 258.5E+03                 21.3391991               20.0001354               18.7394676     
                 268.5E+03                 21.3463249               20.0001431               18.7332039     
                 278.5E+03                 21.3529816               20.0001488               18.727354      
                 288.5E+03                 21.3592129               20.0001564               18.7218895     
                 298.5E+03                 21.3650513               20.000164                18.7167759     
                 308.5E+03                 21.3705273               20.0001717               18.7119865     
                 318.5E+03                 21.3756771               20.0001793               18.7074871     
                 328.5E+03                 21.3805161               20.0001831               18.7032661     
                 338.5E+03                 21.3850708               20.0001888               18.699295      
                 348.5E+03                 21.38937                 20.0001965               18.6955585     
                 358.5E+03                 21.3934269               20.0002041               18.6920376     
                 368.5E+03                 21.3972626               20.0002117               18.6887112     
                 378.5E+03                 21.4008827               20.0002174               18.6855793     
                 388.5E+03                 21.4043159               20.0002232               18.6826096     
                 398.5E+03                 21.4075623               20.0002327               18.6798038     
                 408.5E+03                 21.4106445               20.0002403               18.6771469     
                 418.5E+03                 21.4135666               20.000246                18.6746292     
                 428.5E+03                 21.4163494               20.0002518               18.6722431     
                 438.5E+03                 21.4189873               20.0002594               18.6699734     
                 448.5E+03                 21.4214973               20.0002651               18.6678238     
                 458.5E+03                 21.4238892               20.0002747               18.6657791     
                 468.5E+03                 21.4261665               20.0002804               18.6638317     
                 478.5E+03                 21.428339                20.000288                18.6619778     
                 488.5E+03                 21.4304066               20.0002937               18.6602116     
                 498.5E+03                 21.4323864               20.0003014               18.6585312     
                 508.5E+03                 21.4342728               20.000309                18.6569252     
                 518.5E+03                 21.4360809               20.0003147               18.6553955     
                 528.5E+03                 21.4378071               20.0003204               18.6539345     
                 538.5E+03                 21.4394569               20.0003281               18.6525326     
                 548.5E+03                 21.44104                 20.0003376               18.6511974     
                 558.5E+03                 21.4425526               20.0003433               18.6499214     
                 568.5E+03                 21.4440022               20.0003471               18.648695      
                 578.5E+03                 21.4453964               20.0003548               18.6475277     
                 588.5E+03                 21.4467316               20.0003624               18.6464043     
                 598.5E+03                 21.4480152               20.00037                 18.6453323     
                 608.5E+03                 21.4492455               20.0003777               18.6442986     
                 618.5E+03                 21.450428                20.0003815               18.6433105     
                 628.5E+03                 21.4515648               20.000391                18.6423607     
                 638.5E+03                 21.4526596               20.0003986               18.6414509     
                 648.5E+03                 21.4537125               20.0004025               18.6405716     
                 658.5E+03                 21.4547272               20.0004082               18.6397285     
                 668.5E+03                 21.4557037               20.0004158               18.6389198     
                 678.5E+03                 21.456646                20.0004234               18.6381454     
                 688.5E+03                 21.4575481               20.0004292               18.637394      
                 698.5E+03                 21.4584236               20.0004387               18.6366692     
                 708.5E+03                 21.4592667               20.0004463               18.6359749     
                 718.5E+03                 21.4600792               20.0004501               18.6353054     
                 728.5E+03                 21.460865                20.0004578               18.6346607     
                 738.5E+03                 21.4616222               20.0004654               18.6340332     
                 748.5E+03                 21.4623566               20.000473                18.63344       
                 758.5E+03                 21.4630623               20.0004768               18.6328564     
                 768.5E+03                 21.463747                20.0004845               18.6322994     
                 778.5E+03                 21.4644089               20.0004921               18.6317596     
                 788.5E+03                 21.4650497               20.0004997               18.6312351     
                 798.5E+03                 21.4656677               20.0005054               18.6307335     
                 808.5E+03                 21.4662704               20.0005131               18.630249      
                 818.5E+03                 21.4668503               20.0005226               18.6297779     
                 828.5E+03                 21.467411                20.0005264               18.6293221     
                 838.5E+03                 21.4679585               20.0005302               18.6288815     
                 848.5E+03                 21.4684849               20.0005398               18.6284561     
                 858.5E+03                 21.4689999               20.0005474               18.628046      
                 868.5E+03                 21.4694977               20.0005531               18.6276417     
                 878.5E+03                 21.4699783               20.0005589               18.6272583     
                 888.5E+03                 21.4704437               20.0005665               18.6268806     
                 898.5E+03                 21.4708996               20.0005741               18.6265182     
                 908.5E+03                 21.4713402               20.0005798               18.6261673     
                 918.5E+03                 21.4717674               20.0005875               18.625824      
                 928.5E+03                 21.4721832               20.0005951               18.625494      
                 938.5E+03                 21.4725857               20.0006008               18.6251698     
                 948.5E+03                 21.4729786               20.0006065               18.6248589     
                 958.5E+03                 21.4733601               20.0006142               18.6245575     
                 968.5E+03                 21.473732                20.0006199               18.6242657     
                 978.5E+03                 21.4740944               20.0006294               18.6239796     
                 988.5E+03                 21.4744453               20.0006332               18.623703      
                 998.5E+03                 21.4747849               20.0006409               18.6234322     
                   1.E+06                  21.4748383               20.0006428               18.623394      




