
                     X                  AVERAGE_UVARM1           AVERAGE_UVARM2           AVERAGE_UVARM3           AVERAGE_UVARM4           AVERAGE_UVARM5           AVERAGE_UVARM6           AVERAGE_UVARM7           AVERAGE_UVARM8           AVERAGE_UVARM9          AVERAGE_UVARM10    

                   7.19999981E+03           0.                       0.                       0.                       0.                       0.                       0.                       0.                      10.2292786                8.65007496               1.57920122    
                   7.20800018E+03           0.                       9.4368763E+06           25.7950516E+06           13.302701E+06            26.6053658E+06          365.840454E-03           890.593811E-03            10.2293768                8.65016365               1.57921576    
                   7.21600008E+03           0.                      18.8731327E+06           51.5898361E+06           26.6050262E+06           53.2099762E+06          365.830475E-03           890.628174E-03            10.2294779                8.65024853               1.57922983    
                   7.22399998E+03           0.                      28.308794E+06            77.3843536E+06           39.9069748E+06           79.8138199E+06          365.820496E-03           890.662476E-03            10.229578                 8.65033245               1.57924438    
                   7.23199987E+03           0.                      37.7438202E+06          103.178612E+06            53.2085342E+06          106.416931E+06           365.810455E-03           890.696838E-03            10.2296762                8.65041828               1.57925832    
                   7.23999977E+03           0.                      47.1782379E+06          128.972595E+06            66.5097275E+06          133.019287E+06           365.800507E-03           890.73114E-03             10.2297735                8.6505022                1.57927191    
                   7.24800014E+03           0.                      56.6120644E+06          154.766312E+06            79.8105621E+06          159.620865E+06           365.790466E-03           890.76532E-03             10.2298727                8.65058517               1.5792861     
                   7.25600004E+03           0.                      66.0452194E+06          180.559753E+06            93.1109848E+06          186.221725E+06           365.780518E-03           890.799561E-03            10.2299671                8.65066814               1.57929981    
                   7.26399994E+03           0.                      75.4777985E+06          206.352951E+06           106.411041E+06           212.821808E+06           365.770447E-03           890.833862E-03            10.2300634                8.65075207               1.57931364    
                   7.27199984E+03           0.                      84.9098129E+06          232.145889E+06           119.710716E+06           239.421158E+06           365.76059E-03            890.868103E-03            10.2301588                8.65083408               1.57932699    
                   7.28000021E+03           0.                      94.3411407E+06          257.938538E+06           133.010025E+06           266.019745E+06           365.750519E-03           890.902405E-03            10.2302542                8.65091228               1.57934046    
                   7.28800011E+03           0.                     103.771912E+06           283.730927E+06           146.30896E+06            292.617554E+06           365.740662E-03           890.936584E-03            10.2303467                8.65099525               1.57935381    
                   7.296E+03                0.                     113.202034E+06           309.523041E+06           159.607513E+06           319.21463E+06            365.73053E-03            890.970825E-03            10.2304392                8.6510725                1.57936704    
                   7.3039999E+03            0.                     122.631622E+06           335.31488E+06            172.905701E+06           345.810944E+06           365.720734E-03           891.005066E-03            10.2305307                8.65115452               1.57938027    
                   7.3119998E+03            0.                     132.060486E+06           361.106567E+06           186.203476E+06           372.406525E+06           365.710571E-03           891.039246E-03            10.2306223                8.65123177               1.57939327    
                   7.32000017E+03           0.                     141.488831E+06           386.897858E+06           199.5009E+06             399.001251E+06           365.700745E-03           891.073364E-03            10.2307138                8.65130901               1.5794059     
                   7.32800007E+03           0.                     150.916565E+06           412.688904E+06           212.797974E+06           425.595398E+06           365.690613E-03           891.107361E-03            10.2308044                8.65138531               1.57941878    
                   7.33599997E+03           0.                     160.343567E+06           438.479736E+06           226.094635E+06           452.188629E+06           365.680756E-03           891.141479E-03            10.230896                 8.6514616                1.57943189    
                   7.34399986E+03           0.                     169.770035E+06           464.270325E+06           239.39093E+06            478.781219E+06           365.670807E-03           891.175598E-03            10.2309828                8.6515379                1.57944465    
                   7.35200024E+03           0.                     179.195923E+06           490.060455E+06           252.686844E+06           505.373108E+06           365.660828E-03           891.209656E-03            10.2310705                8.65161419               1.57945681    
                   7.36000013E+03           0.                     188.621277E+06           515.850525E+06           265.982452E+06           531.96405E+06            365.651001E-03           891.243835E-03            10.2311573                8.65169048               1.57946956    
                   7.36800003E+03           0.                     198.045853E+06           541.640259E+06           279.277588E+06           558.554443E+06           365.6409E-03             891.277893E-03            10.2312469                8.65176582               1.57948172    
                   7.37599993E+03           0.                     207.469955E+06           567.42981E+06            292.572418E+06           585.144104E+06           365.631134E-03           891.312073E-03            10.2313328                8.65183735               1.57949424    
                   7.38399982E+03           0.                     216.893417E+06           593.218933E+06           305.866882E+06           611.73291E+06            365.621002E-03           891.346008E-03            10.2314167                8.65191174               1.57950628    
                   7.3920002E+03            0.                     226.316269E+06           619.007874E+06           319.160858E+06           638.320923E+06           365.611145E-03           891.380005E-03            10.2315025                8.65198612               1.57951832    
                   7.4000001E+03            0.                     235.73851E+06            644.796692E+06           332.454529E+06           664.908264E+06           365.601318E-03           891.41394E-03             10.2315855                8.65205669               1.57953048    
                   7.40799999E+03           0.                     245.159988E+06           670.585022E+06           345.747833E+06           691.494873E+06           365.591278E-03           891.447937E-03            10.2316704                8.65212727               1.57954252    
                   7.41599989E+03           0.                     254.581161E+06           696.373108E+06           359.040802E+06           718.080627E+06           365.581482E-03           891.482056E-03            10.2317524                8.6522007                1.57955408    
                   7.42399979E+03           0.                     264.001526E+06           722.161072E+06           372.333344E+06           744.665771E+06           365.571411E-03           891.516174E-03            10.2318363                8.65227032               1.57956564    
                   7.43200016E+03           0.                     273.421326E+06           747.94873E+06            385.625519E+06           771.250061E+06           365.561554E-03           891.549927E-03            10.2319183                8.65233898               1.57957745    
                   7.44000006E+03           0.                     283.22464E+06            773.695374E+06           399.082184E+06           798.163391E+06           366.067444E-03           889.816895E-03            10.2319975                8.65240955               1.57958901    
                   7.44799995E+03           0.                     294.629028E+06           800.767151E+06           413.740204E+06           827.479553E+06           367.933441E-03           883.414001E-03            10.2320805                8.65247822               1.57960045    
                   7.45599985E+03           0.                     309.425812E+06           832.924133E+06           431.723022E+06           863.445618E+06           371.493408E-03           871.159241E-03            10.2321606                8.65254688               1.5796119     
                   7.46400023E+03         377.890839E-06           332.72171E+06            883.804321E+06           460.09671E+06            920.203552E+06           376.465332E-03           853.993652E-03            10.2333145                8.65212822               1.58118296    
                   7.47200012E+03           1.93786728E-03         339.743713E+06           909.160034E+06           472.147705E+06           944.305237E+06           373.689545E-03           863.609619E-03            10.2375259                8.64993572               1.58758843    
                   7.48000002E+03           3.46558428E-03         343.95578E+06            927.707336E+06           480.53186E+06            961.076416E+06           370.759003E-03           873.739014E-03            10.2419481                8.64804649               1.59390163    
                   7.48799992E+03           4.9628911E-03          347.714539E+06           943.417114E+06           487.716309E+06           975.444519E+06           368.569183E-03           881.274292E-03            10.2466764                8.64653015               1.60014367    
                   7.49599981E+03           6.44981527E-03         351.255768E+06           956.970825E+06           494.048859E+06           988.109985E+06           367.049591E-03           886.49469E-03             10.251605                 8.64523125               1.6063745     
                   7.50400019E+03           7.93047047E-03         354.770935E+06           969.117676E+06           499.8815E+06             999.774902E+06           366.076202E-03           889.831726E-03            10.2566833                8.64408207               1.61260176    
                   7.51200008E+03           9.4276123E-03          358.200012E+06           980.026733E+06           505.245178E+06             1.01050305E+09         365.500183E-03           891.808167E-03            10.2619362                8.64302158               1.61891437    
                   7.51999998E+03          11.0673132E-03          361.865448E+06           989.151917E+06           510.101654E+06             1.02022028E+09         365.834076E-03           890.677185E-03            10.2676592                8.64183617               1.62582159    
                   7.52799988E+03          12.842165E-03           365.939056E+06           997.763306E+06           514.971985E+06             1.02996123E+09         366.759552E-03           887.504822E-03            10.273838                 8.64054108               1.63329411    
                   7.53599977E+03          14.61518E-03            369.63089E+06              1.00636554E+09         519.661011E+06             1.03933942E+09         367.292786E-03           885.676392E-03            10.2801561                8.63937569               1.64077938    
                   7.54400015E+03          16.3959713E-03          372.649139E+06             1.01500559E+09         524.049744E+06             1.04811907E+09         367.139984E-03           886.206421E-03            10.2866058                8.63829517               1.64831066    
                   7.55200005E+03          18.140049E-03           374.918182E+06             1.02346742E+09         528.028809E+06             1.05607831E+09         366.321655E-03           889.0177E-03              10.2930374                8.63733387               1.65570235    
                   7.55999994E+03          19.8026009E-03          376.947754E+06             1.03153408E+09         531.760315E+06             1.06353974E+09         365.424561E-03           892.086243E-03            10.2993059                8.63653564               1.66276765    
                   7.56799984E+03          21.7490139E-03          379.224365E+06             1.03703415E+09         534.715332E+06             1.0694598E+09          365.681824E-03           891.235657E-03            10.3063602                8.63536644               1.67099547    
                   7.57600021E+03          23.876646E-03           382.7099E+06               1.04255939E+09         538.246521E+06             1.07652104E+09         367.086792E-03           886.413025E-03            10.3139381                8.63397121               1.67996669    
                   7.58400011E+03          26.0195389E-03          386.221008E+06             1.04812467E+09         541.800903E+06             1.08362854E+09         368.487457E-03           881.600159E-03            10.3217497                8.63272095               1.68902707    
                   7.59200001E+03          28.1656609E-03          389.70871E+06              1.05369854E+09         545.344666E+06             1.09071589E+09         369.848358E-03           876.917725E-03            10.3297157                8.63159466               1.69812012    
                   7.5999999E+03           30.4163933E-03          392.625061E+06             1.05908048E+09         548.552246E+06             1.09714139E+09         370.722595E-03           873.936462E-03            10.3380575                8.63040352               1.70765328    
                   7.6079998E+03           33.2492561E-03          395.45108E+06              1.06328678E+09         551.304382E+06             1.10266471E+09         371.914001E-03           869.881409E-03            10.3479548                8.62839794               1.71955585    
                   7.61600018E+03          36.336132E-03           398.131775E+06             1.06787002E+09         554.121826E+06             1.10831368E+09         372.827881E-03           866.766052E-03            10.3586321                8.6261282                1.73250329    
                   7.62400007E+03          39.5111694E-03          400.713898E+06             1.07258415E+09         556.940918E+06             1.11396182E+09         373.596649E-03           864.136902E-03            10.3697519                8.62391472               1.74583626    
                   7.63199997E+03          43.0553551E-03          402.896973E+06             1.07611287E+09         559.157593E+06             1.11841846E+09         374.40033E-03            861.419189E-03            10.3820667                8.62137032               1.76069736    
                   7.63999987E+03          47.0274773E-03          406.314392E+06             1.07975686E+09         561.978638E+06             1.12407589E+09         376.301636E-03           854.874573E-03            10.3956957                8.61837864               1.77731609    
                   7.64799976E+03          51.402462E-03           409.344574E+06             1.08335376E+09         564.597534E+06             1.12934256E+09         377.849365E-03           849.576477E-03            10.4107599                8.61514091               1.7956177     
                   7.65600014E+03          56.4884834E-03          411.856934E+06             1.08650732E+09         566.818665E+06             1.13382733E+09         379.064941E-03           845.456116E-03            10.4279947                8.61116028               1.81683457    
                   7.66400003E+03          62.1695709E-03          414.466187E+06             1.08968019E+09         569.084778E+06             1.13840961E+09         380.355835E-03           841.088623E-03            10.4471731                8.60667038               1.84050214    
                   7.67199993E+03          68.7410812E-03          417.225952E+06             1.09269547E+09         571.353516E+06             1.14301336E+09         381.831726E-03           836.102051E-03            10.4691343                8.60131645               1.86781609    
                   7.67999983E+03          76.3697357E-03          419.754761E+06             1.09561217E+09         573.469482E+06             1.14733946E+09         383.123688E-03           831.807434E-03            10.4944115                8.59495831               1.89945209    
                   7.6880002E+03           84.9760818E-03          422.25827E+06              1.09849751E+09         575.549744E+06             1.15162003E+09         384.396088E-03           827.627014E-03            10.522871                 8.58778477               1.9350847     
                   7.6960001E+03           94.6281967E-03          424.772919E+06             1.10134304E+09         577.603455E+06             1.15588307E+09         385.686279E-03           823.439453E-03            10.5547915                8.57980347               1.97498941    
                   7.704E+03              105.222115E-03           427.528564E+06             1.1040684E+09          579.702515E+06             1.16027486E+09         387.230194E-03           818.420105E-03            10.5899534                8.57121563               2.01873851    
                   7.71199989E+03         116.722458E-03           430.824768E+06             1.10680246E+09         582.022949E+06             1.1651479E+09          389.251648E-03           811.784729E-03            10.6283684                8.56217384               2.06619239    
                   7.71999979E+03         129.052841E-03           434.617065E+06             1.10959423E+09         584.555237E+06             1.1704936E+09          391.690063E-03           803.743408E-03            10.669899                 8.55285454               2.11704421    
                   7.72100019E+03         130.624176E-03           435.113708E+06             1.10991335E+09         584.870911E+06             1.17115963E+09         392.025055E-03           802.622131E-03            10.6751251                8.55161953               2.12350512    




