
                     X                  AVERAGE_UVARM1           AVERAGE_UVARM2           AVERAGE_UVARM3           AVERAGE_UVARM4           AVERAGE_UVARM5           AVERAGE_UVARM6           AVERAGE_UVARM7           AVERAGE_UVARM8           AVERAGE_UVARM9          AVERAGE_UVARM10    

                   7.19999981E+03           0.                       0.                       0.                       0.                       0.                       0.                       0.                      10.31182                  8.72085953               1.59096217    
                   7.20554972E+03           0.                       8.1128788E+06           19.5091534E+06           10.486928E+06            20.9726906E+06          415.878479E-03           713.291687E-03            10.3118925                8.72092056               1.59097207    
                   7.2111001E+03            0.                      16.2249279E+06           39.0182991E+06           20.9735146E+06           41.944706E+06           415.857239E-03           713.370728E-03            10.3119593                8.72097874               1.59098136    
                   7.21665001E+03           0.                      24.3361397E+06           58.5274429E+06           31.459753E+06            62.9160309E+06          415.835968E-03           713.44928E-03             10.3120308                8.72103786               1.59099138    
                   7.22220039E+03           0.                      32.4465446E+06           78.0365677E+06           41.9456444E+06           83.8867035E+06          415.814789E-03           713.527954E-03            10.3120947                8.72109509               1.59100139    
                   7.22774982E+03           0.                      40.5560684E+06           97.5456772E+06           52.4312057E+06          104.856682E+06           415.793457E-03           713.60675E-03             10.3121624                8.72115135               1.59101033    
                   7.23329973E+03           0.                      48.6647797E+06          117.054787E+06            62.9164085E+06          125.825989E+06           415.772339E-03           713.685425E-03            10.3122282                8.72120667               1.59101963    
                   7.23885012E+03           0.                      56.7727203E+06          136.563904E+06            73.4012756E+06          146.794662E+06           415.75119E-03            713.764221E-03            10.3122883                8.72125912               1.59102821    
                   7.24440002E+03           0.                      64.879776E+06           156.072983E+06            83.885788E+06           167.762604E+06           415.72998E-03            713.842896E-03            10.3123503                8.72131252               1.59103739    
                   7.24995041E+03           0.                      72.9860077E+06          175.582031E+06            94.3699722E+06          188.729874E+06           415.708801E-03           713.921326E-03            10.3124132                8.72136497               1.5910455     
                   7.25549984E+03           0.                      81.091423E+06           195.091171E+06           104.853821E+06           209.696442E+06           415.687653E-03           714.E-03                  10.3124723                8.72141933               1.5910548     
                   7.26104975E+03           0.                      89.1960449E+06          214.600159E+06           115.337288E+06           230.66246E+06            415.666412E-03           714.07843E-03             10.3125296                8.72146893               1.5910629     
                   7.26660013E+03           0.                      97.2997665E+06          234.109268E+06           125.820496E+06           251.62764E+06            415.645203E-03           714.157043E-03            10.3125877                8.72151756               1.59107161    
                   7.27215004E+03           0.                     105.402679E+06           253.618256E+06           136.303268E+06           272.592255E+06           415.624146E-03           714.235474E-03            10.3126459                8.72156715               1.59107935    
                   7.27770042E+03           0.                     113.504707E+06           273.127289E+06           146.785736E+06           293.556122E+06           415.602966E-03           714.313843E-03            10.3127012                8.72161579               1.59108746    
                   7.28324986E+03           0.                     121.605995E+06           292.636383E+06           157.267838E+06           314.519379E+06           415.581848E-03           714.392334E-03            10.3127575                8.72166348               1.59109533    
                   7.28879976E+03           0.                     129.706482E+06           312.145355E+06           167.749603E+06           335.481934E+06           415.56076E-03            714.470703E-03            10.3128119                8.7217083                1.59110284    
                   7.29435015E+03           0.                     137.806076E+06           331.654449E+06           178.231049E+06           356.443817E+06           415.539581E-03           714.549011E-03            10.3128662                8.72175503               1.59111083    
                   7.29990005E+03           0.                     145.904922E+06           351.163391E+06           188.712158E+06           377.40506E+06            415.518616E-03           714.627441E-03            10.3129177                8.7217989                1.59111786    
                   7.30544996E+03           0.                     154.002869E+06           370.672363E+06           199.192932E+06           398.36557E+06            415.497528E-03           714.70575E-03             10.3129702                8.72184658               1.59112561    
                   7.31099987E+03           0.                     162.100021E+06           390.181305E+06           209.673309E+06           419.325409E+06           415.476379E-03           714.783936E-03            10.3130217                8.72188854               1.59113276    
                   7.31654978E+03           0.                     170.196243E+06           409.690186E+06           220.153381E+06           440.284637E+06           415.455322E-03           714.862061E-03            10.3130693                8.7219305                1.59113944    
                   7.32210016E+03           0.                     178.291901E+06           429.199249E+06           230.633118E+06           461.243164E+06           415.434082E-03           714.940369E-03            10.3131199                8.72197437               1.59114671    
                   7.32765007E+03           0.                     186.38649E+06            448.708191E+06           241.112518E+06           482.201019E+06           415.413177E-03           715.018555E-03            10.3131695                8.72201443               1.59115386    
                   7.33319998E+03           0.                     194.480392E+06           468.217133E+06           251.591553E+06           503.158142E+06           415.39209E-03            715.096619E-03            10.3132172                8.72205639               1.59116006    
                   7.33874989E+03           0.                     202.573425E+06           487.726105E+06           262.070251E+06           524.114624E+06           415.371002E-03           715.174744E-03            10.313262                 8.72209358               1.59116697    
                   7.34429979E+03           0.                     210.665604E+06           507.234955E+06           272.548615E+06           545.070435E+06           415.349945E-03           715.252747E-03            10.3133097                8.7221365                1.59117365    
                   7.34985018E+03           0.                     218.756973E+06           526.743774E+06           283.026642E+06           566.025574E+06           415.328918E-03           715.330811E-03            10.3133535                8.72217274               1.59118009    
                   7.35540009E+03           0.                     226.84758E+06            546.252686E+06           293.504303E+06           586.980103E+06           415.307922E-03           715.408813E-03            10.3133974                8.72220993               1.59118652    
                   7.36094999E+03           0.                     234.937332E+06           565.761597E+06           303.981689E+06           607.934021E+06           415.286896E-03           715.486633E-03            10.3134394                8.72224903               1.59119213    
                   7.3664999E+03            0.                     243.138031E+06           585.246521E+06           314.49292E+06            628.960999E+06           415.473816E-03           714.837524E-03            10.3134832                8.72228432               1.5911988     
                   7.37204981E+03           0.                     251.719147E+06           604.904785E+06           325.2146E+06             650.427185E+06           416.158417E-03           712.473389E-03            10.3135271                8.72232151               1.59120464    
                   7.37760019E+03           0.                     260.766418E+06           625.052429E+06           336.294739E+06           672.635559E+06           417.220062E-03           708.857849E-03            10.3135681                8.7223568                1.59121048    
                   7.3831501E+03            0.                     270.341095E+06           645.974121E+06           347.860321E+06           695.844971E+06           418.531067E-03           704.476624E-03            10.3136053                8.72238922               1.59121609    
                   7.38870001E+03           0.                     280.509491E+06           667.968994E+06           360.045563E+06           720.331116E+06           419.974915E-03           699.774414E-03            10.3136435                8.7224226                1.59122121    
                   7.39424992E+03           0.                     291.345123E+06           691.420715E+06           373.023224E+06           746.436462E+06           421.405182E-03           695.2547E-03              10.3136797                8.72245026               1.59122634    
                   7.39979982E+03           0.                     302.942719E+06           716.868774E+06           387.049622E+06           774.628662E+06           422.629608E-03           691.377808E-03            10.3137121                8.72248268               1.59123147    
                   7.40535021E+03           0.                     315.400574E+06           745.15564E+06            402.542053E+06           805.581787E+06           423.314148E-03           688.597107E-03            10.3137474                8.72250843               1.59123647    
                   7.41090012E+03           0.                     328.825897E+06           777.731384E+06           420.272125E+06           840.365356E+06           422.862549E-03           686.982605E-03            10.3137789                8.72253895               1.59124076    
                   7.41645002E+03           0.                     343.390198E+06           817.367126E+06           441.784088E+06           880.949036E+06           420.208527E-03           685.891602E-03            10.313839                 8.72258854               1.59124923    
                   7.42199993E+03          33.1242065E-06          358.139954E+06           861.263367E+06           465.39743E+06            924.623474E+06           415.880371E-03           687.125977E-03            10.3147736                8.72326851               1.5915066     
                   7.42754984E+03         268.428284E-06           366.558838E+06           872.159363E+06           470.417145E+06           940.662598E+06           420.289581E-03           696.51886E-03             10.3182068                8.72532749               1.59287906    
                   7.43310022E+03         575.412231E-06           371.520233E+06           874.996643E+06           471.692474E+06           947.627075E+06           424.597839E-03           699.25531E-03             10.3205204                8.7261591                1.59436154    
                   7.43865013E+03         908.771912E-06           374.496429E+06           878.077881E+06           473.73587E+06            952.438049E+06           426.497772E-03           695.227234E-03            10.3222818                8.72641659               1.59586334    
                   7.44420004E+03           1.26125157E-03         376.149597E+06           881.335999E+06           476.028046E+06           955.956421E+06           426.79715E-03            689.564758E-03            10.3239536                8.72652626               1.59742391    
                   7.44974995E+03           1.62708366E-03         377.123596E+06           884.717163E+06           478.252075E+06           958.941833E+06           426.266998E-03           685.335999E-03            10.3254604                8.72644711               1.59901261    
                   7.45529985E+03           2.00285769E-03         377.833557E+06           888.19043E+06            480.315613E+06           961.834839E+06           425.399475E-03           683.353027E-03            10.3267899                8.72617912               1.6006124     
                   7.46085024E+03           2.3880558E-03          378.505585E+06           891.751038E+06           482.242523E+06           964.846619E+06           424.454559E-03           683.332825E-03            10.32794                  8.72571659               1.60222125    
                   7.46639967E+03           2.78480887E-03         379.240997E+06           895.417786E+06           484.092194E+06           968.065369E+06           423.537201E-03           684.736389E-03            10.328907                 8.72505951               1.60384762    
                   7.47195005E+03           3.20130587E-03         380.08728E+06            899.2677E+06             485.947632E+06           971.564941E+06           422.665405E-03           687.100525E-03            10.3297081                8.72418404               1.60552359    
                   7.47749996E+03           3.7534008E-03          379.896362E+06           904.370667E+06           488.091553E+06           975.054016E+06           420.06958E-03            693.447144E-03            10.3303652                8.72267723               1.60768628    
                   7.48304987E+03           4.82373905E-03         381.903076E+06           914.263733E+06           492.5625E+06             984.014099E+06           417.719299E-03           702.246399E-03            10.3306484                8.71891212               1.61173534    
                   7.48860025E+03           5.96767044E-03         386.328949E+06           924.837097E+06           498.217926E+06           995.42395E+06            417.729492E-03           702.65155E-03             10.3308239                8.71478176               1.61604011    
                   7.49414968E+03           7.14489985E-03         391.853943E+06           935.718018E+06           504.372467E+06             1.00796819E+09         418.776611E-03           699.767456E-03            10.3309193                8.71046543               1.62045419    
                   7.49970007E+03           8.40379715E-03         398.086548E+06           947.039246E+06           510.817963E+06             1.02148056E+09         420.351715E-03           696.412231E-03            10.3311081                8.70592785               1.62518227    
                   7.50524998E+03           9.74423313E-03         403.638519E+06           957.849182E+06           516.800232E+06             1.0340699E+09          421.40387E-03            694.941528E-03            10.3315945                8.70134163               1.6302526     
                   7.51079988E+03          11.1538601E-03          407.470398E+06           965.681213E+06           521.057251E+06             1.04304063E+09         421.953369E-03           694.642578E-03            10.3323936                8.69677162               1.63562143    
                   7.51635027E+03          12.5882568E-03          410.342834E+06           972.936707E+06           524.983337E+06             1.05068231E+09         421.759094E-03           694.535583E-03            10.3332396                8.69215488               1.64108407    
                   7.5218997E+03           14.0295992E-03          412.89563E+06            980.227234E+06           528.835693E+06             1.05807567E+09         421.226837E-03           695.307129E-03            10.3340893                8.68752289               1.6465683     
                   7.52745008E+03          15.4780169E-03          415.628571E+06           987.553711E+06           532.828796E+06             1.06561005E+09         420.869202E-03           694.92804E-03             10.3349075                8.68284035               1.65206766    
                   7.53299999E+03          16.9684753E-03          419.145844E+06           995.093079E+06           537.090271E+06             1.07398903E+09         421.215271E-03           693.116089E-03            10.3356209                8.67791843               1.65770245    
                   7.5385499E+03           18.5339508E-03          423.23291E+06              1.00301147E+09         541.523071E+06             1.08320355E+09         421.964752E-03           691.634644E-03            10.3363686                8.67275429               1.66361296    
                   7.54410028E+03          20.2284679E-03          427.334106E+06             1.01090038E+09         545.852478E+06             1.09245861E+09         422.72821E-03            690.986023E-03            10.3372869                8.6672678                1.67002046    
                   7.54964972E+03          22.0860443E-03          430.294983E+06             1.01533067E+09         548.387817E+06             1.09825885E+09         423.799286E-03           689.668701E-03            10.3385372                8.66146564               1.67707229    
                   7.5552001E+03           24.069109E-03           432.801392E+06             1.01999199E+09         551.222229E+06             1.10366273E+09         424.319946E-03           686.752747E-03            10.3398743                8.65528202               1.68459082    
                   7.56075001E+03          26.1749363E-03          435.507202E+06             1.0249418E+09          554.279541E+06             1.1094178E+09          424.910736E-03           683.23822E-03             10.3413191                8.64875031               1.69256723    
                   7.56629992E+03          28.3962898E-03          438.502869E+06             1.03016305E+09         557.424438E+06             1.1156702E+09          425.665222E-03           680.28241E-03             10.3428984                8.64192009               1.70097721    
                   7.5718503E+03           30.7295475E-03          441.261871E+06             1.03482854E+09         560.040283E+06             1.12144446E+09         426.41153E-03            679.444092E-03            10.3446894                8.63487244               1.70981836    
                   7.57739973E+03          33.1209869E-03          442.184998E+06             1.03776419E+09         561.518982E+06             1.12435782E+09         426.094666E-03           680.450562E-03            10.3467321                8.62783718               1.71889794    
                   7.58295012E+03          35.6587601E-03          443.063416E+06             1.04087973E+09         563.316345E+06             1.12722182E+09         425.663391E-03           679.429077E-03            10.3485041                8.62004757               1.7284559     
                   7.58850002E+03          38.3972054E-03          444.673737E+06             1.04424155E+09         565.433655E+06             1.13087451E+09         425.835144E-03           676.710876E-03            10.3500137                8.61132622               1.7386893     
                   7.59404993E+03          41.2879257E-03          445.7211E+06               1.04716694E+09         567.111267E+06             1.13378966E+09         425.64502E-03            675.854248E-03            10.3514585                8.60201168               1.74944711    
                   7.59960032E+03          44.3411293E-03          445.801849E+06             1.04943752E+09         568.360901E+06             1.1353488E+09          424.801056E-03           675.667786E-03            10.3526821                8.5919466                1.76073754    
                   7.60200024E+03          45.7228317E-03          445.756012E+06             1.05046499E+09         568.980286E+06             1.13594127E+09         424.341919E-03           675.093079E-03            10.3532372                8.58739758               1.76583886    
                   7.60514975E+03          47.561554E-03           445.049591E+06             1.05183244E+09         569.690308E+06             1.13614798E+09         423.118408E-03           675.368408E-03            10.3534746                8.58093357               1.77253997    
                   7.60599995E+03          48.061203E-03           444.739868E+06             1.05220401E+09         569.854614E+06             1.13610244E+09         422.674713E-03           675.702576E-03            10.3534374                8.57909584               1.77434313    
                   7.61070013E+03          50.8916893E-03          443.381683E+06             1.05411339E+09         570.719055E+06             1.1360898E+09          420.620605E-03           677.23114E-03             10.3531628                8.56862926               1.78453279    
                   7.61625004E+03          54.2971954E-03          440.605347E+06             1.05589807E+09         571.505066E+06             1.1345793E+09          417.279694E-03           678.847412E-03            10.3519335                8.55531883               1.7966156     
                   7.62179995E+03          57.7919464E-03          437.441193E+06             1.05772984E+09         572.223999E+06             1.13276219E+09         413.565521E-03           681.280701E-03            10.3492193                8.54048157               1.80874038    
                   7.62735033E+03          61.52742E-03            435.067322E+06             1.05952311E+09         573.138672E+06             1.13158989E+09         410.624939E-03           681.76416E-03             10.344965                 8.52353477               1.82143199    
                   7.63289976E+03          65.5779343E-03          433.998749E+06             1.06120896E+09         574.379456E+06             1.13144052E+09         408.965302E-03           678.814148E-03            10.3394423                8.50445652               1.83498454    
                   7.63845015E+03          70.0085297E-03          434.230682E+06             1.06303287E+09         576.089966E+06             1.13245523E+09         408.481201E-03           672.301941E-03            10.3330708                8.48339081               1.8496834     
                   7.64400005E+03          74.891037E-03           435.81424E+06              1.06479692E+09         578.139648E+06             1.13455081E+09         409.291565E-03           662.364746E-03            10.3262882                8.46045399               1.86583233    
                   7.64954996E+03          80.2937393E-03          438.673737E+06             1.06669986E+09         580.599854E+06             1.13777399E+09         411.241302E-03           649.206055E-03            10.3195086                8.4357872                1.88372135    
                   7.65399981E+03          85.0142593E-03          441.747864E+06             1.06822908E+09         582.763245E+06             1.14098024E+09         413.530304E-03           636.716553E-03            10.3143444                8.41495037               1.89939368    
                   7.65509987E+03          86.2191391E-03          442.556458E+06             1.06861508E+09         583.324707E+06             1.14180458E+09         414.136993E-03           633.388977E-03            10.3132915                8.40986347               1.90342653    
                   7.66064978E+03          92.8935776E-03          447.665863E+06             1.07067883E+09         586.330444E+06             1.14693856E+09         418.110687E-03           615.297974E-03            10.3076725                8.38195419               1.92571616    
                   7.66620016E+03         100.341774E-03           453.641357E+06             1.0728389E+09          589.518982E+06             1.15279496E+09         422.838104E-03           595.445618E-03            10.3031683                8.35244179               1.95072627    
                   7.67175007E+03         108.66523E-03            460.644501E+06             1.07505929E+09         592.825867E+06             1.15951812E+09         428.478058E-03           574.140015E-03            10.3000374                8.32122898               1.97880912    
                   7.67729998E+03         117.991936E-03           468.683777E+06             1.07751703E+09         596.288513E+06             1.16725338E+09         434.960358E-03           551.871521E-03            10.2985706                8.28816986               2.01040387    
                   7.68284988E+03         128.465927E-03           477.591675E+06             1.08015358E+09         599.843506E+06             1.17580295E+09         442.145111E-03           528.875549E-03            10.2990999                8.25310421               2.04599762    
                   7.68839979E+03         140.272644E-03           487.553528E+06             1.08290064E+09         603.427063E+06             1.18531847E+09         450.221313E-03           505.378418E-03            10.3019047                8.21571255               2.08619094    
                   7.69395018E+03         153.651077E-03           498.72644E+06              1.0858947E+09          607.100952E+06             1.19604552E+09         459.26828E-03            481.468109E-03            10.3073082                8.17556381               2.1317482     
                   7.69950008E+03         168.912338E-03           511.277924E+06             1.08908367E+09         610.828674E+06             1.20811534E+09         469.446991E-03           457.196838E-03            10.3157759                8.1321106                2.18366027    
                   7.70504999E+03         186.491089E-03           525.559448E+06             1.09254825E+09         614.657837E+06             1.22191262E+09         481.028778E-03           432.468414E-03            10.3278351                8.08454609               2.24328923    
                   7.7105999E+03          207.010681E-03           541.99353E+06              1.09633923E+09         618.618225E+06             1.23787212E+09         494.35379E-03            407.195953E-03            10.3442507                8.03168297               2.31256938    
                   7.71614981E+03         231.42926E-03            561.283691E+06             1.10055268E+09         622.772888E+06             1.25671875E+09         509.986755E-03           381.147095E-03            10.3660336                7.97160816               2.39442277    
                   7.72170019E+03         261.336273E-03           584.56012E+06              1.10534811E+09         627.224731E+06             1.27961791E+09         528.830383E-03           353.961517E-03            10.3946943                7.90108299               2.49360991    
                   7.7272501E+03          299.691315E-03           613.932312E+06             1.11101568E+09         632.162476E+06             1.30874908E+09         552.567688E-03           324.986725E-03            10.4327011                7.81389189               2.61880851    
                   7.73280001E+03         353.023315E-03           653.968994E+06             1.11818099E+09         637.982971E+06             1.3488456E+09          584.828186E-03           292.958618E-03            10.4847956                7.69616461               2.78863096    
                   7.73834991E+03         428.78656E-03            708.605042E+06             1.12727129E+09         644.96521E+06              1.40374994E+09         628.575806E-03           256.065765E-03            10.5579243                7.53599215               3.02193236    
                   7.74389982E+03         543.525208E-03           787.52124E+06              1.13928223E+09         653.328308E+06             1.48463476E+09         691.212341E-03           220.883377E-03            10.7078848                7.45046616               3.25741839    
                   7.74945021E+03         668.347595E-03           867.136963E+06             1.1506511E+09          660.665161E+06             1.56751204E+09         753.570312E-03           198.195618E-03            10.8124628                7.52458096               3.2878828     
                   7.75500011E+03         776.989136E-03           931.117126E+06             1.15950096E+09         666.089233E+06             1.63479114E+09         802.996094E-03           186.034958E-03            10.9526825                7.62396336               3.32871842    




