
                     X                  AVERAGE_UVARM1           AVERAGE_UVARM2           AVERAGE_UVARM3           AVERAGE_UVARM4           AVERAGE_UVARM5           AVERAGE_UVARM6           AVERAGE_UVARM7           AVERAGE_UVARM8           AVERAGE_UVARM9          AVERAGE_UVARM10    

                   7.19999981E+03           0.                       0.                       0.                       0.                       0.                       0.                       0.                      10.3162231                8.72463799               1.59158885    
                   7.20800018E+03           0.                       9.43652344E+06          25.7918072E+06           13.3014078E+06           26.6028004E+06          365.872864E-03           890.485474E-03            10.3162336                8.72464561               1.59159005    
                   7.21600008E+03           0.                      18.8724384E+06           51.5833511E+06           26.6024399E+06           53.2048454E+06          365.862915E-03           890.519775E-03            10.3162403                8.72465324               1.59159136    
                   7.22399998E+03           0.                      28.3077183E+06           77.3746262E+06           39.9030991E+06           79.8061295E+06          365.852844E-03           890.554138E-03            10.3162518                8.72465897               1.59159267    
                   7.23199987E+03           0.                      37.7424049E+06          103.165627E+06            53.2033768E+06          106.40667E+06            365.842865E-03           890.58844E-03             10.3162575                8.7246666                1.59159338    
                   7.23999977E+03           0.                      47.1764717E+06          128.95636E+06             66.5032654E+06          133.006454E+06           365.832794E-03           890.622803E-03            10.316267                 8.72467041               1.59159493    
                   7.24800014E+03           0.                      56.6099243E+06          154.746857E+06            79.8027725E+06          159.605484E+06           365.822876E-03           890.656982E-03            10.3162727                8.72467804               1.59159577    
                   7.25600004E+03           0.                      66.0427551E+06          180.537094E+06            93.101944E+06           186.203781E+06           365.812805E-03           890.691345E-03            10.3162823                8.72468472               1.59159708    
                   7.26399994E+03           0.                      75.4750214E+06          206.327026E+06           106.400703E+06           212.801285E+06           365.802887E-03           890.725586E-03            10.316288                 8.72469139               1.5915978     
                   7.27199984E+03           0.                      84.9066467E+06          232.116699E+06           119.69912E+06            239.398056E+06           365.792847E-03           890.759888E-03            10.3162975                8.72469902               1.59159899    
                   7.28000021E+03           0.                      94.3376236E+06          257.906128E+06           132.997131E+06           265.99411E+06            365.782867E-03           890.794128E-03            10.3163033                8.7247057                1.5916003     
                   7.28800011E+03           0.                     103.768044E+06           283.695251E+06           146.294754E+06           292.589355E+06           365.772888E-03           890.82843E-03             10.3163128                8.72471237               1.59160101    
                   7.296E+03                0.                     113.197823E+06           309.484192E+06           159.592026E+06           319.183868E+06           365.762848E-03           890.862549E-03            10.3163166                8.72471523               1.59160221    
                   7.3039999E+03            0.                     122.627022E+06           335.272888E+06           172.888916E+06           345.777588E+06           365.752869E-03           890.896729E-03            10.3163252                8.72472191               1.59160292    
                   7.3119998E+03            0.                     132.055557E+06           361.061249E+06           186.185455E+06           372.370667E+06           365.742889E-03           890.93103E-03             10.31633                  8.72472954               1.59160411    
                   7.32000017E+03           0.                     141.483521E+06           386.849274E+06           199.481567E+06           398.96283E+06            365.732941E-03           890.965149E-03            10.3163395                8.7247324                1.59160483    
                   7.32800007E+03           0.                     150.910904E+06           412.637115E+06           212.777313E+06           425.554382E+06           365.723022E-03           890.999268E-03            10.3163443                8.72473812               1.59160602    
                   7.33599997E+03           0.                     160.337601E+06           438.424774E+06           226.072708E+06           452.145233E+06           365.713043E-03           891.033447E-03            10.316349                 8.7247448                1.59160662    
                   7.34399986E+03           0.                     169.763794E+06           464.212036E+06           239.367737E+06           478.735168E+06           365.703033E-03           891.067627E-03            10.3163576                8.72475052               1.59160781    
                   7.35200024E+03           0.                     179.18927E+06            489.999115E+06           252.662384E+06           505.324432E+06           365.693146E-03           891.101624E-03            10.3163614                8.72475338               1.59160852    
                   7.36000013E+03           0.                     188.614151E+06           515.785889E+06           265.956665E+06           531.912903E+06           365.683167E-03           891.135742E-03            10.31637                  8.72476006               1.59160924    
                   7.36800003E+03           0.                     198.038528E+06           541.572449E+06           279.250519E+06           558.500732E+06           365.673218E-03           891.169922E-03            10.3163748                8.72476578               1.59161031    
                   7.37599993E+03           0.                     207.462234E+06           567.358643E+06           292.544067E+06           585.087769E+06           365.663239E-03           891.203918E-03            10.3163776                8.72476864               1.59161067    
                   7.38399982E+03           0.                     216.885269E+06           593.144714E+06           305.837219E+06           611.674011E+06           365.653351E-03           891.238098E-03            10.3163853                8.72477531               1.59161174    
                   7.3920002E+03            0.                     226.307709E+06           618.930298E+06           319.130035E+06           638.259521E+06           365.643402E-03           891.272095E-03            10.31639                  8.72477722               1.59161234    
                   7.4000001E+03            0.                     235.729767E+06           644.71582E+06            332.422394E+06           664.84436E+06            365.633453E-03           891.306152E-03            10.3163948                8.72478294               1.59161305    
                   7.40799999E+03           0.                     245.150848E+06           670.500977E+06           345.714386E+06           691.428345E+06           365.623566E-03           891.340149E-03            10.3164015                8.72478867               1.59161413    
                   7.41599989E+03           0.                     254.571533E+06           696.286011E+06           359.006042E+06           718.011597E+06           365.613617E-03           891.374146E-03            10.3164062                8.72479153               1.59161448    
                   7.42399979E+03           0.                     263.99173E+06            722.070618E+06           372.297272E+06           744.594177E+06           365.603668E-03           891.408203E-03            10.3164101                8.7247982                1.59161556    
                   7.43200016E+03           0.                     273.411102E+06           747.855103E+06           385.588226E+06           771.175964E+06           365.59375E-03            891.4422E-03              10.3164158                8.72479916               1.59161615    
                   7.44000006E+03           0.                     283.37088E+06            773.570068E+06           399.106689E+06           798.212891E+06           366.315735E-03           888.967773E-03            10.3164206                8.72480583               1.59161675    
                   7.44799995E+03           0.                     295.551453E+06           800.94519E+06            414.228485E+06           828.456665E+06           369.003296E-03           879.738342E-03            10.3164234                8.72480774               1.59161747    
                   7.45599985E+03           0.                     313.138824E+06           835.747253E+06           434.405334E+06           868.810303E+06           374.681244E-03           860.140442E-03            10.316431                 8.72481346               1.59161806    
                   7.46400023E+03           1.59954154E-03         333.976013E+06           884.462646E+06           460.891052E+06           921.801941E+06           377.603241E-03           850.079407E-03            10.3211565                8.72286606               1.59829366    
                   7.47200012E+03           3.67805219E-03         337.372131E+06           903.674133E+06           469.151978E+06           938.31366E+06            373.33371E-03            864.84137E-03             10.3274927                8.72050381               1.60699165    
                   7.48000002E+03           5.37693834E-03         339.959259E+06           919.376892E+06           475.800629E+06           951.609131E+06           369.77124E-03            877.125244E-03            10.3336344                8.71939754               1.61423612    
                   7.48799992E+03           6.86285257E-03         342.32785E+06            933.111145E+06           481.654449E+06           963.315491E+06           366.867371E-03           887.1026E-03              10.3393917                8.71876335               1.62062812    
                   7.49599981E+03           8.20326805E-03         344.624695E+06           945.34198E+06            486.947144E+06           973.901245E+06           364.550232E-03           895.041809E-03            10.344759                 8.71834373               1.62641895    
                   7.50400019E+03           9.50617218E-03         347.259705E+06           956.012756E+06           491.856598E+06           983.71991E+06            363.237518E-03           899.528992E-03            10.3499889                8.71794033               1.63204801    
                   7.51200008E+03          10.9315815E-03          350.560364E+06           964.557068E+06           496.343811E+06           992.696472E+06           363.441803E-03           898.838196E-03            10.3555641                8.71738052               1.63818502    
                   7.51999998E+03          12.509532E-03           354.85025E+06            972.538513E+06           501.100586E+06             1.00221014E+09         364.870148E-03           893.953186E-03            10.3615999                8.71664333               1.6449585     
                   7.52799988E+03          14.1139574E-03          358.917206E+06           980.654175E+06           505.797424E+06             1.01160455E+09         365.997833E-03           890.093323E-03            10.3678398                8.71598244               1.65185916    
                   7.53599977E+03          15.7660027E-03          362.339264E+06           989.010498E+06           510.275665E+06             1.02056324E+09         366.365509E-03           888.840027E-03            10.3742847                8.71531773               1.65896654    
                   7.54400015E+03          17.4182415E-03          364.870148E+06           997.36792E+06            514.33905E+06              1.0286932E+09          365.833099E-03           890.675476E-03            10.3807592                8.71468163               1.66607916    
                   7.55200005E+03          19.0143127E-03          366.969238E+06             1.00544107E+09         518.10376E+06              1.03622317E+09         364.983215E-03           893.588257E-03            10.387085                 8.71412659               1.67295897    
                   7.55999994E+03          20.6648464E-03          368.68634E+06              1.01198983E+09         521.160706E+06             1.04234409E+09         364.318237E-03           895.886414E-03            10.3936129                8.71354294               1.68007052    
                   7.56799984E+03          22.7640114E-03          372.360077E+06             1.0169239E+09          524.577576E+06             1.04917645E+09         366.163177E-03           889.56366E-03             10.4014225                8.71238136               1.68904006    
                   7.57600021E+03          24.965086E-03           376.263916E+06             1.02209795E+09         528.179749E+06             1.05638027E+09         368.129059E-03           882.814758E-03            10.4098396                8.71136284               1.6984781     
                   7.58400011E+03          27.2019348E-03          380.187897E+06             1.02735579E+09         531.815918E+06             1.06365228E+09         370.064514E-03           876.155273E-03            10.4185829                8.71048927               1.70809627    
                   7.59200001E+03          29.5327263E-03          383.840698E+06             1.03283453E+09         535.399048E+06             1.07082057E+09         371.638123E-03           870.736206E-03            10.4277496                8.7096262                1.71812475    
                   7.5999999E+03           32.4032059E-03          386.503021E+06             1.03688323E+09         538.019897E+06             1.07608163E+09         372.754761E-03           866.942627E-03            10.4385986                8.70819473               1.73040581    
                   7.6079998E+03           35.7866898E-03          389.408539E+06             1.04103673E+09         540.78772E+06              1.081635E+09           374.05838E-03            862.490967E-03            10.450922                 8.70611858               1.74480486    
                   7.61600018E+03          39.3593254E-03          392.101166E+06             1.04542232E+09         543.539185E+06             1.0871526E+09          375.064819E-03           859.052612E-03            10.4641142                8.7040844                1.76003051    
                   7.62400007E+03          43.3935013E-03          394.364624E+06             1.04873264E+09         545.713562E+06             1.09152687E+09         376.039215E-03           855.754333E-03            10.4790173                8.7018013                1.77721775    
                   7.63199997E+03          48.01791E-03            397.823761E+06             1.05217183E+09         548.475159E+06             1.09707129E+09         378.097717E-03           848.670593E-03            10.4959183                8.69903851               1.79688108    
                   7.63999987E+03          53.2753448E-03          400.569794E+06             1.05536294E+09         550.814636E+06             1.10179138E+09         379.55661E-03            843.719543E-03            10.515275                 8.69602966               1.81924593    
                   7.64799976E+03          59.3108521E-03          403.257019E+06             1.05852604E+09         553.112061E+06             1.10643518E+09         380.960938E-03           838.974243E-03            10.5373001                8.69242859               1.84487343    
                   7.65600014E+03          66.1881104E-03          405.750427E+06             1.061463E+09           555.232117E+06             1.11074364E+09         382.255829E-03           834.661743E-03            10.5623741                8.68832493               1.87404907    
                   7.66400003E+03          74.1012878E-03          408.385223E+06             1.06451476E+09         557.443237E+06             1.1152581E+09          383.63504E-03            830.116638E-03            10.5911036                8.68353367               1.90757108    
                   7.67199993E+03          82.8868713E-03          410.994598E+06             1.06754708E+09         559.62384E+06              1.11973453E+09         384.989777E-03           825.719482E-03            10.6231241                8.67834949               1.94477391    
                   7.67999983E+03          92.5370407E-03          413.719055E+06             1.07057512E+09         561.838745E+06             1.12430894E+09         386.445679E-03           821.044983E-03            10.6584997                8.67286777               1.98563099    
                   7.6880002E+03          102.994621E-03           416.677795E+06             1.07356477E+09         564.127014E+06             1.12906253E+09         388.125305E-03           815.668579E-03            10.6970873                8.66718483               2.02990413    
                   7.6960001E+03          114.226746E-03           420.037323E+06             1.07652497E+09         566.563599E+06             1.13414466E+09         390.178772E-03           809.054871E-03            10.7388334                8.66137695               2.07745719    
                   7.704E+03              126.177895E-03           423.840942E+06             1.07963693E+09         569.226074E+06             1.13971853E+09         392.577118E-03           801.319824E-03            10.7836151                8.65555096               2.12806511    
                   7.71199989E+03         138.859924E-03           427.970367E+06             1.08257365E+09         571.944397E+06             1.14544201E+09         395.326691E-03           792.421326E-03            10.8314953                8.64972305               2.18177533    
                   7.71999979E+03         152.260391E-03           432.380341E+06             1.08562422E+09         574.793884E+06             1.15147913E+09         398.278137E-03           782.91333E-03             10.8824205                8.6438942                2.23852873    
                   7.72100019E+03         153.959351E-03           432.980408E+06             1.08597815E+09         575.160461E+06             1.15225434E+09         398.700836E-03           781.529175E-03            10.8886366                8.64296532               2.2456727     




