
                     X                  AVERAGE_UVARM1           AVERAGE_UVARM2           AVERAGE_UVARM3           AVERAGE_UVARM4           AVERAGE_UVARM5           AVERAGE_UVARM6           AVERAGE_UVARM7           AVERAGE_UVARM8           AVERAGE_UVARM9          AVERAGE_UVARM10    

                   7.19999981E+03           0.                       0.                       0.                       0.                       0.                       0.                       0.                      10.3112469                8.72036552               1.59087956    
                   7.20514011E+03           0.                       6.15544224E+06          12.8748493E+06            7.20678186E+06          14.4136124E+06          478.098297E-03           472.700623E-03            10.3113155                8.72042656               1.59088969    
                   7.21027994E+03           0.                      12.3103962E+06           25.7496586E+06           14.4133921E+06           28.8268871E+06          478.079865E-03           472.776672E-03            10.3113861                8.72048664               1.59090018    
                   7.21541977E+03           0.                      18.4648438E+06           38.6244278E+06           21.6198349E+06           43.2398186E+06          478.061462E-03           472.852692E-03            10.3114567                8.72054768               1.5909096     
                   7.22056007E+03           0.                      24.6188087E+06           51.4991493E+06           28.8261089E+06           57.6524353E+06          478.043091E-03           472.928802E-03            10.3115234                8.72060394               1.59091949    
                   7.22570038E+03           0.                      30.7722759E+06           64.3738251E+06           36.0322151E+06           72.0647049E+06          478.024597E-03           473.004852E-03            10.3115902                8.72066021               1.59092879    
                   7.23083973E+03           0.                      36.9252586E+06           77.2484665E+06           43.2381516E+06           86.4766312E+06          478.006226E-03           473.08078E-03             10.311657                 8.72071934               1.59093857    
                   7.23598003E+03           0.                      43.0777245E+06           90.1230621E+06           50.4439201E+06          100.888245E+06           477.987854E-03           473.156738E-03            10.3117247                8.72077847               1.59094775    
                   7.24112034E+03           0.                      49.229702E+06           102.997627E+06            57.6495247E+06          115.299492E+06           477.969421E-03           473.232727E-03            10.3117886                8.72083187               1.5909574     
                   7.24625969E+03           0.                      55.3811874E+06          115.872139E+06            64.8549423E+06          129.710434E+06           477.951019E-03           473.308563E-03            10.3118515                8.72088718               1.59096587    
                   7.25139999E+03           0.                      61.5322113E+06          128.746597E+06            72.0602112E+06          144.121033E+06           477.932617E-03           473.384491E-03            10.3119144                8.72093964               1.59097564    
                   7.25653982E+03           0.                      67.6827011E+06          141.621017E+06            79.2653046E+06          158.531296E+06           477.914307E-03           473.460358E-03            10.3119793                8.720994                 1.59098423    
                   7.26168013E+03           0.                      73.8327332E+06          154.495422E+06            86.4702377E+06          172.941254E+06           477.895844E-03           473.536316E-03            10.3120413                8.7210474                1.59099257    
                   7.26681995E+03           0.                      79.9822311E+06          167.369781E+06            93.6749878E+06          187.3508E+06             477.877472E-03           473.61203E-03             10.3121014                8.72110081               1.59100175    
                   7.27195978E+03           0.                      86.1312866E+06          180.244064E+06           100.879585E+06           201.760056E+06           477.859192E-03           473.687897E-03            10.3121586                8.7211504                1.59101057    
                   7.27710009E+03           0.                      92.2798004E+06          193.118347E+06           108.084015E+06           216.169052E+06           477.840729E-03           473.763641E-03            10.3122177                8.72120094               1.59101868    
                   7.28224039E+03           0.                      98.4278641E+06          205.992569E+06           115.288284E+06           230.577576E+06           477.822327E-03           473.839478E-03            10.3122768                8.72125244               1.59102678    
                   7.28737974E+03           0.                     104.575432E+06           218.866714E+06           122.49234E+06            244.985855E+06           477.804016E-03           473.915161E-03            10.3123341                8.72130108               1.59103525    
                   7.29252005E+03           0.                     110.722443E+06           231.740875E+06           129.696259E+06           259.393799E+06           477.785706E-03           473.990906E-03            10.3123932                8.72134972               1.59104347    
                   7.29766035E+03           0.                     116.869034E+06           244.614975E+06           136.900024E+06           273.801361E+06           477.767334E-03           474.066559E-03            10.3124504                8.7213974                1.59105122    
                   7.3027997E+03            0.                     123.015129E+06           257.489044E+06           144.103577E+06           288.208618E+06           477.748932E-03           474.142212E-03            10.3125057                8.72144508               1.59105897    
                   7.30794001E+03           0.                     129.160706E+06           270.363007E+06           151.307053E+06           302.61557E+06            477.730621E-03           474.217957E-03            10.3125601                8.72149181               1.59106684    
                   7.31308031E+03           0.                     135.305832E+06           283.237E+06              158.510254E+06           317.022156E+06           477.712372E-03           474.293518E-03            10.3126116                8.72153664               1.59107447    
                   7.31822014E+03           0.                     141.450409E+06           296.110962E+06           165.713348E+06           331.428406E+06           477.694031E-03           474.369171E-03            10.3126669                8.72158432               1.5910821     
                   7.32335997E+03           0.                     147.594543E+06           308.984833E+06           172.91626E+06            345.834381E+06           477.67569E-03            474.444702E-03            10.3127213                8.72162819               1.59108937    
                   7.32849979E+03           0.                     153.758179E+06           321.86145E+06            180.126251E+06           360.254395E+06           477.715332E-03           474.282288E-03            10.3127708                8.72167397               1.59109712    
                   7.3336401E+03            0.                     159.965942E+06           334.748016E+06           187.353867E+06           374.709717E+06           477.869781E-03           473.648254E-03            10.3128214                8.72171783               1.59110439    
                   7.33877993E+03           0.                     166.225128E+06           347.651123E+06           194.603943E+06           389.2099E+06             478.137726E-03           472.547668E-03            10.3128738                8.7217617                1.59111166    
                   7.34391975E+03           0.                     172.54776E+06            360.579132E+06           201.883484E+06           403.769226E+06           478.529388E-03           470.937347E-03            10.3129206                8.72180367               1.59111881    
                   7.34906006E+03           0.                     178.940201E+06           373.539093E+06           209.197357E+06           418.397186E+06           479.04007E-03            468.835571E-03            10.3129721                8.72184467               1.59112585    
                   7.35420036E+03           0.                     185.409378E+06           386.53891E+06            216.550812E+06           433.104248E+06           479.665588E-03           466.257935E-03            10.3130198                8.72188854               1.59113228    
                   7.35933971E+03           0.                     191.963745E+06           399.587189E+06           223.949768E+06           447.902191E+06           480.405121E-03           463.204987E-03            10.3130674                8.72192764               1.59113908    
                   7.36448002E+03           0.                     198.608124E+06           412.691315E+06           231.398422E+06           462.799683E+06           481.250977E-03           459.707428E-03            10.3131142                8.72196865               1.59114635    
                   7.36962032E+03           0.                     205.349899E+06           425.861481E+06           238.902954E+06           477.808899E+06           482.198761E-03           455.780884E-03            10.3131599                8.72200966               1.59115279    
                   7.37475967E+03           0.                     212.196487E+06           439.106049E+06           246.468918E+06           492.941071E+06           483.246368E-03           451.43045E-03             10.3132048                8.72204685               1.59115934    
                   7.37989998E+03           0.                     219.154663E+06           452.435608E+06           254.10228E+06            508.207947E+06           484.388855E-03           446.674469E-03            10.3132515                8.72208691               1.59116566    
                   7.38503981E+03           0.                     226.232788E+06           465.859833E+06           261.809113E+06           523.621765E+06           485.624146E-03           441.517212E-03            10.3132963                8.7221241                1.5911721     
                   7.39018011E+03           0.                     233.440155E+06           479.391937E+06           269.597321E+06           539.198364E+06           486.950562E-03           435.96344E-03             10.3133421                8.72216415               1.59117866    
                   7.39531994E+03           0.                     240.787125E+06           493.044983E+06           277.474792E+06           554.953613E+06           488.36731E-03            430.01181E-03             10.313386                 8.72220039               1.59118462    
                   7.40045977E+03           0.                     248.284943E+06           506.833618E+06           285.450531E+06           570.905457E+06           489.874817E-03           423.657898E-03            10.313427                 8.72223759               1.59119058    
                   7.40560007E+03           0.                     255.947021E+06           520.775757E+06           293.535034E+06           587.074707E+06           491.472687E-03           416.897095E-03            10.3134699                8.72227383               1.59119654    
                   7.41074038E+03           0.                     263.788635E+06           534.890381E+06           301.740265E+06           603.485291E+06           493.163971E-03           409.713348E-03            10.3135109                8.72231007               1.59120262    
                   7.41587973E+03           0.                     271.827393E+06           549.200317E+06           310.079712E+06           620.164673E+06           494.951263E-03           402.088745E-03            10.3135529                8.7223444                1.59120846    
                   7.42102003E+03           0.                     280.084167E+06           563.732788E+06           318.569916E+06           637.145569E+06           496.838562E-03           394.00119E-03             10.3135948                8.72237968               1.59121418    
                   7.42616034E+03           0.                     288.584167E+06           578.52002E+06            327.23053E+06            654.466919E+06           498.831757E-03           385.417694E-03            10.313633                 8.72241211               1.59122002    
                   7.43129969E+03           0.                     297.356445E+06           593.600159E+06           336.08429E+06            672.175171E+06           500.937347E-03           376.303314E-03            10.313673                 8.72244835               1.59122562    
                   7.43643999E+03           0.                     306.438782E+06           609.021606E+06           345.160858E+06           690.328613E+06           503.165649E-03           366.602875E-03            10.313714                 8.72248173               1.59123135    
                   7.4415803E+03            0.                     315.877106E+06           624.845337E+06           354.49649E+06            709.00061E+06            505.528442E-03           356.255127E-03            10.3137493                8.72251415               1.59123659    
                   7.44672012E+03           0.                     325.729919E+06           641.14917E+06            364.138275E+06           728.284424E+06           508.040833E-03           345.180328E-03            10.3137884                8.72254562               1.59124219    
                   7.45185995E+03           0.                     336.074524E+06           658.039734E+06           374.149292E+06           748.307251E+06           510.720551E-03           333.283508E-03            10.3138237                8.72257805               1.59124744    
                   7.45699978E+03           0.                     347.015259E+06           675.666016E+06           384.61792E+06            769.244873E+06           513.590027E-03           320.444641E-03            10.3138638                8.72261047               1.59125221    
                   7.46214008E+03           0.                     358.699921E+06           694.249634E+06           395.673584E+06           791.356384E+06           516.672913E-03           306.531921E-03            10.3138981                8.72264099               1.59125781    
                   7.46727991E+03           0.                     371.345428E+06           714.156494E+06           407.526031E+06           815.061096E+06           519.9776E-03             291.474548E-03            10.3139334                8.72267246               1.59126294    
                   7.47241974E+03           0.                     385.296814E+06           736.148804E+06           420.593597E+06           841.195251E+06           523.395325E-03           275.740631E-03            10.3139687                8.72270203               1.5912677     
                   7.47756004E+03           0.                     399.260956E+06           758.02417E+06            433.586517E+06           867.180298E+06           526.712585E-03           260.31131E-03             10.314003                 8.72273064               1.59127259    
                   7.48270035E+03           0.                     411.667084E+06           778.675903E+06           445.688873E+06           891.383057E+06           528.675659E-03           251.09938E-03             10.3140364                8.72275925               1.59127772    
                   7.4878397E+03            0.                     423.343842E+06           798.136353E+06           457.079437E+06           914.181763E+06           530.415405E-03           242.997818E-03            10.3140707                8.7227869                1.59128225    
                   7.49298E+03              0.                     434.605438E+06           816.493286E+06           467.830475E+06           935.878113E+06           532.282959E-03           235.26738E-03             10.3141031                8.72281647               1.59128666    
                   7.49812031E+03           0.                     445.777618E+06           833.488159E+06           477.7659E+06             956.746399E+06           534.83374E-03            228.790131E-03            10.3141346                8.72284412               1.59129143    
                   7.50325966E+03           0.                     456.730194E+06           847.556335E+06           485.888702E+06           976.09906E+06            538.878601E-03           226.865356E-03            10.314167                 8.72287083               1.5912962     
                   7.50839996E+03           0.                     462.783966E+06           868.34436E+06            497.734375E+06           995.165283E+06           532.949829E-03           229.157425E-03            10.314187                 8.72288895               1.5912987     
                   7.51354027E+03         728.814331E-06           468.358368E+06           876.41449E+06            502.6716E+06               1.00447357E+09         534.40271E-03            219.120193E-03            10.3136053                8.71965504               1.59394956    
                   7.5186801E+03            1.47059393E-03         473.966675E+06           883.27063E+06            506.899506E+06             1.01305628E+09         536.603943E-03           209.229126E-03            10.3129606                8.71632385               1.5966382     
                   7.52381992E+03           2.21605706E-03         479.626495E+06           890.16095E+06            511.14679E+06              1.02163768E+09         538.808594E-03           199.020676E-03            10.3124504                8.71309185               1.59935749    
                   7.52895975E+03           2.97260022E-03         485.402771E+06           897.153748E+06           515.453369E+06             1.03031099E+09         541.047424E-03           188.416046E-03            10.3120375                8.70990849               1.60213041    
                   7.53410006E+03           3.75326729E-03         491.360931E+06           904.369385E+06           519.884338E+06             1.03922343E+09         543.318726E-03           177.509583E-03            10.3117046                8.70670128               1.6050024     
                   7.53924036E+03           4.56217194E-03         497.475311E+06           911.846008E+06           524.453125E+06             1.0484072E+09          545.569336E-03           166.5905E-03              10.3114414                8.7034502                1.60798836    
                   7.54437971E+03           5.40072298E-03         503.740265E+06           919.596802E+06           529.163513E+06             1.05788398E+09         547.783875E-03           155.812668E-03            10.3112402                8.70014858               1.61109161    
                   7.54952002E+03           6.26608992E-03         510.074066E+06           927.595215E+06           533.993164E+06             1.06760645E+09         549.888733E-03           145.536591E-03            10.3111048                8.69680119               1.6143024     
                   7.55466032E+03           7.12466812E-03         516.348328E+06           935.531006E+06           538.771423E+06             1.07721627E+09         551.930664E-03           135.44017E-03             10.3110209                8.69352722               1.61749291    
                   7.55979967E+03           7.97979832E-03         522.746338E+06           943.435059E+06           543.541077E+06             1.086725E+09           554.08844E-03            124.207924E-03            10.3109779                8.69030571               1.62067437    
                   7.55999994E+03           8.01473045E-03         523.00177E+06            943.74646E+06            543.729065E+06             1.08709657E+09         554.176086E-03           123.728859E-03            10.3109837                8.69017792               1.62080526    
                   7.56493998E+03           8.88532829E-03         529.317017E+06           951.114319E+06           548.175049E+06             1.09614444E+09         556.523193E-03           112.426346E-03            10.3109684                8.68692207               1.62404549    
                   7.57008028E+03           9.87039757E-03         535.591248E+06           958.839172E+06           552.814148E+06             1.10527682E+09         558.582825E-03           100.863472E-03            10.3110151                8.68329811               1.62771916    
                   7.57522011E+03          11.0967779E-03          541.374146E+06           965.392639E+06           556.779846E+06             1.11295354E+09         560.781494E-03            87.8642044E-03           10.3110762                8.67878723               1.6322881     
                   7.58035994E+03          12.3906145E-03          547.56781E+06            971.937073E+06           560.728577E+06             1.12082314E+09         563.377991E-03            73.8641357E-03           10.3111486                8.67404461               1.63710463    
                   7.58549976E+03          13.7469692E-03          554.027222E+06           978.797913E+06           564.835144E+06             1.12902117E+09         566.028198E-03            59.4755707E-03           10.3112803                8.66912174               1.64215684    
                   7.59064007E+03          15.2236185E-03          560.812317E+06           986.26709E+06            569.260864E+06             1.13788259E+09         568.621216E-03            45.3727951E-03           10.3114796                8.66382122               1.64765894    
                   7.5957799E+03           16.8499184E-03          567.899414E+06           994.493164E+06           574.088745E+06             1.14759469E+09         571.044006E-03            32.3013E-03              10.3117456                8.6580286                1.65371871    
                   7.59800005E+03          17.6120396E-03          571.040955E+06           998.348267E+06           576.337646E+06             1.15213633E+09         571.986023E-03            27.3046169E-03           10.3118963                8.65533638               1.65655875    
                   7.60091972E+03          18.7032871E-03          575.238403E+06             1.00386798E+09         579.545471E+06             1.15861213E+09         573.022034E-03            21.849968E-03            10.3125114                8.65183067               1.66068327    
                   7.60606003E+03          21.3100567E-03          582.419495E+06             1.01350629E+09         585.125732E+06             1.1704973E+09          574.657776E-03            16.689003E-03            10.3130379                8.64265728               1.67038047    
                   7.60900021E+03          23.0232487E-03          585.647339E+06             1.01753342E+09         587.46344E+06              1.17507112E+09         575.555786E-03            11.0372038E-03           10.3134327                8.63668251               1.6767503     
                   7.61120033E+03          24.3841934E-03          588.309631E+06             1.02073252E+09         589.317078E+06             1.1787281E+09          576.360352E-03             6.181602E-03            10.3137293                8.6319294                1.6818018     
                   7.61633968E+03          28.0535583E-03          595.366028E+06             1.02935767E+09         594.297241E+06             1.18864465E+09         578.385925E-03            -5.66905117E-03          10.3145809                8.61917877               1.69540298    
                   7.62147999E+03          34.1103134E-03          604.590881E+06             1.03897882E+09         599.843323E+06             1.20231462E+09         581.908813E-03           -11.6900368E-03           10.3157673                8.59803295               1.71773553    
                   7.62662029E+03          44.0358467E-03          613.394775E+06             1.04921043E+09         605.747253E+06             1.21671605E+09         584.624939E-03           -13.247983E-03            10.3180828                8.56391811               1.75416529    
                   7.63175964E+03          58.3678474E-03          623.918884E+06             1.05803156E+09         610.84613E+06              1.23288691E+09         589.697571E-03           -10.1703835E-03           10.3215866                8.51527882               1.80630744    
                   7.63689995E+03          76.3133316E-03          635.697632E+06             1.06530488E+09         615.049683E+06             1.24944019E+09         596.728455E-03            -7.03429556E-03          10.3274193                8.45637321               1.87104583    
                   7.64204025E+03          97.1225204E-03          648.981079E+06             1.07192695E+09         618.875E+06                1.26691055E+09         605.43396E-03             -5.05581284E-03          10.3363676                8.39093018               1.94543719    
                   7.64718008E+03         120.479019E-03           663.68811E+06              1.07817268E+09         622.481995E+06             1.2854743E+09          615.567444E-03            -3.69989252E-03          10.3487148                8.32064724               2.02806783    
                   7.65231991E+03         146.354553E-03           679.843628E+06             1.0843091E+09          626.025085E+06             1.3053565E+09          626.983337E-03            -2.71267366E-03          10.3649473                8.24635696               2.11859035    
                   7.65745974E+03         175.065704E-03           697.660095E+06             1.09037256E+09         629.526001E+06             1.32683384E+09         639.836487E-03            -1.85535657E-03          10.3856945                8.16786671               2.21782947    
                   7.66260004E+03         207.083527E-03           717.450378E+06             1.09636545E+09         632.986145E+06             1.35022986E+09         654.389954E-03            -1.0871526E-03           10.4118567                8.0847702                2.32708693    
                   7.66774035E+03         243.181824E-03           739.711243E+06             1.10249829E+09         636.526794E+06             1.37616324E+09         670.940674E-03          -397.22467E-06             10.4446983                7.99611521               2.4485836     
                   7.6728797E+03          284.466461E-03           765.074402E+06             1.10884202E+09         640.188599E+06             1.40530741E+09         689.975769E-03           217.034485E-06            10.4861708                7.90066147               2.58551025    
                   7.67802E+03            332.604248E-03           794.470459E+06             1.11554849E+09         644.059692E+06             1.43867707E+09         712.178772E-03           734.359985E-06            10.5389423                7.79635286               2.74259186    
                   7.68316031E+03         390.305725E-03           829.469482E+06             1.12282038E+09         648.255676E+06             1.47796142E+09         738.737305E-03             1.17390788E-03          10.6075296                7.68002653               2.92750406    
                   7.68829966E+03         462.61853E-03            872.927979E+06             1.13103473E+09         652.992737E+06             1.52624333E+09         771.795898E-03             1.58008194E-03          10.6984444                7.54448557               3.1539588     
                   7.69343996E+03         561.212036E-03           931.489746E+06             1.14102197E+09         658.744507E+06             1.59065294E+09         816.364502E-03             2.00650001E-03          10.9179649                7.59935236               3.31861067    
                   7.69858027E+03         739.592041E-03             1.03636742E+09           1.1565876E+09          667.669678E+06             1.70463765E+09         896.056396E-03             2.76451087E-03          11.022377                 7.67336559               3.34901237    
                   7.70011616E+03         915.832031E-03             1.13198972E+09           1.16977811E+09         674.87439E+06              1.80795336E+09         967.696899E-03             4.84181499E-03          11.0759649                7.71135187               3.36461258    




