
                     X                  AVERAGE_UVARM1           AVERAGE_UVARM2           AVERAGE_UVARM3           AVERAGE_UVARM4           AVERAGE_UVARM5           AVERAGE_UVARM6           AVERAGE_UVARM7           AVERAGE_UVARM8           AVERAGE_UVARM9          AVERAGE_UVARM10    

                   7.19999981E+03           0.                       0.                       0.                       0.                       0.                       0.                       0.                      10.3112717                8.72038937               1.59088457    
                   7.20554972E+03           0.                       7.23997164E+06          16.2362881E+06            8.91428185E+06          17.8283482E+06          445.916351E-03           600.611755E-03            10.3113527                8.72045708               1.59089398    
                   7.2111001E+03            0.                      14.4793205E+06           32.4728203E+06           17.8284321E+06           35.6564445E+06          445.894073E-03           600.698242E-03            10.3114271                8.72052002               1.59090579    
                   7.21665001E+03           0.                      21.7180557E+06           48.7095985E+06           26.7424564E+06           53.4842873E+06          445.871735E-03           600.784668E-03            10.3114958                8.72058296               1.5909158     
                   7.22220039E+03           0.                      28.9561844E+06           64.9466248E+06           35.6563492E+06           71.311882E+06           445.849457E-03           600.870972E-03            10.3115721                8.72064495               1.59092593    
                   7.22774982E+03           0.                      36.1936951E+06           81.1838913E+06           44.5701256E+06           89.1392212E+06          445.827179E-03           600.957336E-03            10.3116417                8.72070694               1.59093642    
                   7.23329973E+03           0.                      43.4305916E+06           97.4213791E+06           53.4837723E+06          106.966286E+06           445.804871E-03           601.043701E-03            10.3117132                8.72076607               1.59094656    
                   7.23885012E+03           0.                      50.6668701E+06          113.659134E+06            62.3972816E+06          124.793114E+06           445.782654E-03           601.129944E-03            10.3117838                8.7208252                1.59095597    
                   7.24440002E+03           0.                      57.902523E+06           129.897125E+06            71.3106537E+06          142.61972E+06            445.760376E-03           601.216187E-03            10.3118553                8.72088528               1.59096611    
                   7.24995041E+03           0.                      65.1375504E+06          146.135376E+06            80.2239075E+06          160.44603E+06            445.738129E-03           601.302429E-03            10.3119183                8.72094154               1.59097576    
                   7.25549984E+03           0.                      72.3720322E+06          162.373886E+06            89.1370239E+06          178.272095E+06           445.715881E-03           601.388794E-03            10.3119841                8.72100067               1.59098482    
                   7.26104975E+03           0.                      79.6058426E+06          178.61261E+06             98.0500488E+06          196.097931E+06           445.693604E-03           601.474854E-03            10.3120461                8.72105598               1.59099436    
                   7.26660013E+03           0.                      86.8390656E+06          194.851517E+06           106.962914E+06           213.923477E+06           445.671387E-03           601.561096E-03            10.3121128                8.72111034               1.59100318    
                   7.27215004E+03           0.                      94.0716858E+06          211.090744E+06           115.875664E+06           231.748856E+06           445.649109E-03           601.647461E-03            10.3121767                8.7211647                1.59101248    
                   7.27770042E+03           0.                     101.303635E+06           227.3302E+06             124.788269E+06           249.573868E+06           445.626862E-03           601.733215E-03            10.3122396                8.72121811               1.5910219     
                   7.28324986E+03           0.                     108.535019E+06           243.569839E+06           133.70076E+06            267.398682E+06           445.604675E-03           601.819458E-03            10.3122997                8.72127056               1.5910306     
                   7.28879976E+03           0.                     115.7658E+06             259.809937E+06           142.613129E+06           285.223328E+06           445.582428E-03           601.905334E-03            10.3123589                8.72132397               1.59103882    
                   7.29435015E+03           0.                     122.995995E+06           276.050079E+06           151.52536E+06            303.047607E+06           445.560272E-03           601.991455E-03            10.3124208                8.72137356               1.59104717    
                   7.29990005E+03           0.                     130.225433E+06           292.290466E+06           160.437439E+06           320.871613E+06           445.538025E-03           602.077515E-03            10.3124781                8.72142506               1.59105539    
                   7.30544996E+03           0.                     137.454407E+06           308.531158E+06           169.349411E+06           338.695557E+06           445.515778E-03           602.163513E-03            10.3125381                8.72147465               1.59106362    
                   7.31099987E+03           0.                     144.682785E+06           324.772125E+06           178.261276E+06           356.519135E+06           445.493622E-03           602.249451E-03            10.3125963                8.72152138               1.59107196    
                   7.31654978E+03           0.                     151.9104E+06             341.013153E+06           187.173035E+06           374.342377E+06           445.471466E-03           602.335327E-03            10.3126535                8.72157097               1.59108031    
                   7.32210016E+03           0.                     159.137589E+06           357.25473E+06            196.084595E+06           392.165314E+06           445.449341E-03           602.421204E-03            10.3127089                8.72161865               1.59108841    
                   7.32765007E+03           0.                     166.364044E+06           373.496307E+06           204.996094E+06           409.988281E+06           445.427155E-03           602.507141E-03            10.3127632                8.72166634               1.59109604    
                   7.33319998E+03           0.                     173.589951E+06           389.73822E+06            213.907394E+06           427.81073E+06            445.404846E-03           602.592834E-03            10.3128138                8.72171116               1.59110355    
                   7.33874989E+03           0.                     180.815338E+06           405.980347E+06           222.818649E+06           445.633057E+06           445.382843E-03           602.678711E-03            10.31287                  8.72175789               1.59111106    
                   7.34429979E+03           0.                     188.039886E+06           422.222717E+06           231.729721E+06           463.455139E+06           445.360748E-03           602.764465E-03            10.3129234                8.72180367               1.59111857    
                   7.34985018E+03           0.                     195.263962E+06           438.465363E+06           240.640701E+06           481.277008E+06           445.338501E-03           602.850159E-03            10.3129711                8.72184563               1.5911262     
                   7.35540009E+03           0.                     202.48732E+06            454.708313E+06           249.551498E+06           499.098572E+06           445.316406E-03           602.935974E-03            10.3130226                8.72188854               1.59113324    
                   7.36094999E+03           0.                     209.710312E+06           470.951385E+06           258.462189E+06           516.919922E+06           445.294128E-03           603.021606E-03            10.313076                 8.72193241               1.59114015    
                   7.3664999E+03            0.                     216.970154E+06           487.182678E+06           267.381683E+06           534.758728E+06           445.36026E-03            602.767639E-03            10.3131218                8.72197628               1.59114718    
                   7.37204981E+03           0.                     224.377792E+06           503.412201E+06           276.35379E+06            552.702881E+06           445.717499E-03           601.392822E-03            10.3131714                8.72201633               1.59115422    
                   7.37760019E+03           0.                     231.986511E+06           519.704773E+06           285.422882E+06           570.840698E+06           446.385071E-03           598.818909E-03            10.3132181                8.72205734               1.59116089    
                   7.3831501E+03            0.                     239.834579E+06           536.132935E+06           294.629944E+06           589.254639E+06           447.344818E-03           595.113159E-03            10.3132658                8.72209835               1.59116745    
                   7.38870001E+03           0.                     247.954788E+06           552.767578E+06           304.014038E+06           608.022461E+06           448.573242E-03           590.360291E-03            10.3133116                8.72213459               1.59117436    
                   7.39424992E+03           0.                     256.382751E+06           569.688599E+06           313.617767E+06           627.229492E+06           450.043427E-03           584.656738E-03            10.3133564                8.72217751               1.59118032    
                   7.39979982E+03           0.                     265.159546E+06           586.983582E+06           323.4888E+06             646.971191E+06           451.735931E-03           578.073303E-03            10.3133965                8.72221375               1.59118688    
                   7.40535021E+03           0.                     274.33255E+06            604.750793E+06           333.681152E+06           667.356262E+06           453.632751E-03           570.674744E-03            10.3134422                8.72224998               1.59119272    
                   7.41090012E+03           0.                     283.960327E+06           623.114075E+06           344.26178E+06            688.519714E+06           455.715607E-03           562.53241E-03             10.3134842                8.72228718               1.59119892    
                   7.41645002E+03           0.                     294.118561E+06           642.230164E+06           355.315979E+06           710.636414E+06           457.968292E-03           553.723999E-03            10.3135252                8.72232056               1.5912044     
                   7.42199993E+03           0.                     304.902313E+06           662.3078E+06             366.954346E+06           733.936157E+06           460.367615E-03           544.381287E-03            10.3135672                8.72235584               1.59121048    
                   7.42754984E+03           0.                     316.445801E+06           683.637634E+06           379.330322E+06           758.74469E+06            462.890045E-03           534.690063E-03            10.3136053                8.72238731               1.59121561    
                   7.43310022E+03           0.                     328.925262E+06           706.657349E+06           392.666138E+06           785.538818E+06           465.471832E-03           525.064636E-03            10.3136415                8.72241974               1.59122062    
                   7.43865013E+03           0.                     342.583466E+06           732.098267E+06           407.325592E+06           815.079468E+06           467.954651E-03           516.289185E-03            10.3136749                8.72244644               1.59122574    
                   7.44420004E+03           0.                     357.736847E+06           761.355164E+06           424.006348E+06           848.672119E+06           469.879059E-03           509.680511E-03            10.3137064                8.72247696               1.59123075    
                   7.44974995E+03           0.                     374.729401E+06           797.663147E+06           444.415985E+06           888.864136E+06           469.804657E-03           506.675781E-03            10.3137369                8.72250366               1.59123468    
                   7.45529985E+03           1.32412362E-06         393.961426E+06           850.159485E+06           473.655884E+06           941.94165E+06            463.450928E-03           506.780396E-03            10.3137398                8.72250175               1.59123993    
                   7.46085024E+03         264.706604E-06           407.747711E+06           872.124878E+06           485.231506E+06           970.615112E+06           467.533478E-03           516.321472E-03            10.31532                  8.7228651                1.59245336    
                   7.46639967E+03         684.284729E-06           413.851959E+06           876.00293E+06            487.674255E+06           978.913513E+06           472.432678E-03           512.289978E-03            10.3169661                8.72270679               1.59426272    
                   7.47195005E+03           1.1331172E-03          416.157928E+06           880.151367E+06           490.547302E+06           983.264832E+06           472.826111E-03           504.228577E-03            10.3184986                8.72233391               1.5961647     
                   7.47749996E+03           1.55329645E-03         417.440887E+06           884.035095E+06           492.817749E+06           986.928528E+06           472.200287E-03           502.699249E-03            10.3196869                8.72177792               1.59791017    
                   7.48304987E+03           2.2473166E-03          417.499969E+06           890.450012E+06           495.701691E+06           991.895386E+06           468.865204E-03           512.483276E-03            10.3206024                8.71996307               1.60064244    
                   7.48860025E+03           3.33777046E-03         421.574493E+06           900.528992E+06           501.202728E+06             1.00259233E+09         468.142059E-03           514.002747E-03            10.3210764                8.71628475               1.60479498    
                   7.49414968E+03           4.38602734E-03         425.688751E+06           910.217896E+06           506.533691E+06             1.01302516E+09         467.67868E-03            514.843018E-03            10.3214388                8.71266556               1.60876977    
                   7.49970007E+03           5.42208576E-03         430.203186E+06           919.79425E+06            511.93512E+06              1.02364016E+09         467.717773E-03           513.867249E-03            10.3217125                8.70902824               1.61268377    
                   7.50524998E+03           6.47420931E-03         435.212402E+06           929.519043E+06           517.516357E+06             1.03473854E+09         468.213379E-03           511.607056E-03            10.3219471                8.70529652               1.61664844    
                   7.51079988E+03           7.56930399E-03         440.54483E+06            939.640991E+06           523.302551E+06             1.04643238E+09         468.844666E-03           509.597778E-03            10.3222141                8.70143795               1.62077534    
                   7.51635027E+03           8.72088814E-03         445.789917E+06           949.722717E+06           528.972961E+06             1.0581162E+09          469.390625E-03           508.860474E-03            10.322607                 8.69747829               1.62512839    
                   7.5218997E+03            9.93939209E-03         450.44046E+06            959.30603E+06            534.249023E+06             1.06901407E+09         469.549316E-03           509.66507E-03             10.3231878                8.69343472               1.62975311    
                   7.52745008E+03          11.2223463E-03          453.793793E+06           966.027771E+06           537.934998E+06             1.07676578E+09         469.753082E-03           510.412994E-03            10.3240042                8.68935776               1.63464797    
                   7.53299999E+03          12.543581E-03           456.728149E+06           972.710815E+06           541.750366E+06             1.08390522E+09         469.542145E-03           509.201416E-03            10.324811                 8.68513203               1.63968003    
                   7.5385499E+03           13.9293222E-03          460.155518E+06           979.720215E+06           545.895813E+06             1.09158111E+09         469.681213E-03           506.094757E-03            10.3255091                8.68057632               1.64493012    
                   7.54410028E+03          15.4148664E-03          464.400208E+06           987.234558E+06           550.379822E+06             1.10033154E+09         470.406036E-03           502.280762E-03            10.3260441                8.6755228                1.65052223    
                   7.54964972E+03          16.9982071E-03          469.22348E+06            995.243286E+06           555.123535E+06             1.10999262E+09         471.466797E-03           498.704712E-03            10.3265619                8.6700964                1.65646708    
                   7.5552001E+03           18.684391E-03           474.478546E+06             1.00377226E+09         560.125732E+06             1.12045312E+09         472.696289E-03           495.569519E-03            10.3272629                8.66444683               1.66281211    
                   7.56075001E+03          20.5164967E-03          479.953796E+06             1.01164114E+09         564.666626E+06             1.13081515E+09         474.431244E-03           493.655487E-03            10.3282928                8.65855217               1.66973817    
                   7.56629992E+03          22.5219193E-03          484.037079E+06             1.01635468E+09         567.615662E+06             1.13755226E+09         476.248596E-03           489.592377E-03            10.3298903                8.65251064               1.6773802     
                   7.5718503E+03           24.6830921E-03          487.402191E+06             1.02143502E+09         570.939392E+06             1.14359069E+09         477.174255E-03           483.335815E-03            10.3317461                8.64612389               1.68562472    
                   7.57739973E+03          27.1086845E-03          491.06311E+06              1.02713656E+09         574.784485E+06             1.15008926E+09         478.089905E-03           474.790955E-03            10.3335943                8.63876724               1.69482863    
                   7.58295012E+03          29.8083878E-03          495.843872E+06             1.0334686E+09          578.867432E+06             1.15823472E+09         479.78653E-03            467.716827E-03            10.3351879                8.6302042                1.70498431    
                   7.58850002E+03          32.9001961E-03          501.385834E+06             1.03749299E+09         581.618408E+06             1.16569662E+09         483.266846E-03           461.140228E-03            10.3370008                8.62041092               1.71659005    
                   7.59404993E+03          36.5387764E-03          506.539795E+06             1.04196E+09            585.030334E+06             1.17245936E+09         486.141632E-03           448.922211E-03            10.339571                 8.60928726               1.73028362    
                   7.59960032E+03          40.7336197E-03          511.887756E+06             1.04675436E+09         588.619568E+06             1.17957377E+09         489.023895E-03           436.580414E-03            10.3424072                8.59639454               1.74600983    
                   7.60200024E+03          42.7597733E-03          514.872742E+06             1.04826176E+09         589.87384E+06              1.18290985E+09         491.168427E-03           430.876495E-03            10.3446159                8.5908947                1.75372243    
                   7.60514975E+03          45.7599831E-03          518.870972E+06             1.05049264E+09         591.843872E+06             1.18722379E+09         493.931244E-03           420.697937E-03            10.3465862                8.58166409               1.76491904    
                   7.60599995E+03          46.6160355E-03          519.907043E+06             1.05112922E+09         592.399109E+06             1.18835247E+09         494.617554E-03           417.857513E-03            10.3471584                8.57904625               1.76811171    
                   7.61070013E+03          51.7638245E-03          525.618347E+06             1.05457056E+09         595.333618E+06             1.19461405E+09         498.419342E-03           403.219727E-03            10.3505154                8.56326103               1.78725624    
                   7.61625004E+03          58.7660675E-03          533.669006E+06             1.05824053E+09         598.789368E+06             1.20254219E+09         504.29834E-03            382.02179E-03             10.355011                 8.54183197               1.81317949    
                   7.62179995E+03          66.5972595E-03          541.46698E+06              1.06163347E+09         602.020325E+06             1.20994997E+09         510.031586E-03           360.878632E-03            10.3604078                8.51831627               1.84208763    
                   7.62735033E+03          75.4142532E-03          549.754639E+06             1.06498373E+09         605.176147E+06             1.21769094E+09         516.208801E-03           339.479553E-03            10.3666649                8.49217701               1.87448907    
                   7.63289976E+03          85.3136215E-03          558.652893E+06             1.0683248E+09          608.22522E+06              1.22601604E+09         522.923157E-03           318.700928E-03            10.3741093                8.4633913                1.91071749    
                   7.63845015E+03          96.4362869E-03          568.376099E+06             1.07172477E+09         611.207275E+06             1.23520315E+09         530.336792E-03           298.625031E-03            10.3830442                8.43179321               1.95124936    
                   7.64400005E+03         108.907234E-03           579.015442E+06             1.07512307E+09         614.088318E+06             1.24532902E+09         538.556091E-03           279.379425E-03            10.3938389                8.39733887               1.99650156    
                   7.64954996E+03         122.870193E-03           590.658875E+06             1.07879901E+09         617.039062E+06             1.25665021E+09         547.513855E-03           260.863953E-03            10.4069042                8.35996056               2.04694176    
                   7.65399981E+03         135.145432E-03           600.69397E+06              1.08171356E+09         619.332275E+06             1.26640475E+09         555.315491E-03           246.401672E-03            10.4193726                8.3282423                2.0911293     
                   7.65509987E+03         138.295044E-03           603.331421E+06             1.082443E+09           619.913025E+06             1.26892364E+09         557.378235E-03           242.500702E-03            10.4232893                8.32073593               2.10255337    
                   7.66064978E+03         155.69957E-03            617.0979E+06               1.08634067E+09         622.808655E+06             1.28264332E+09         568.050354E-03           225.988937E-03            10.4422207                8.27740574               2.16481853    
                   7.66620016E+03         175.131744E-03           632.205444E+06             1.09036303E+09         625.721802E+06             1.29776478E+09         579.809875E-03           209.816101E-03            10.464839                 8.23090076               2.23394084    
                   7.67175007E+03         196.759552E-03           648.592529E+06             1.09449708E+09         628.637146E+06             1.31426668E+09         592.591187E-03           194.276154E-03            10.4918556                8.18142319               2.31043267    
                   7.67729998E+03         220.841202E-03           666.409973E+06             1.09878087E+09         631.581421E+06             1.33232617E+09         606.496826E-03           179.35318E-03             10.5239477                8.12887573               2.39507079    
                   7.68284988E+03         247.705719E-03           685.817993E+06             1.10322881E+09         634.567871E+06             1.35211623E+09         621.643494E-03           165.042114E-03            10.5619888                8.07313538               2.48885727    
                   7.68839979E+03         277.725616E-03           706.987305E+06             1.10785115E+09         637.607239E+06             1.37380767E+09         638.157837E-03           151.284958E-03            10.6070309                8.01411724               2.59291363    
                   7.69395018E+03         311.415619E-03           730.203308E+06             1.11267531E+09         640.721008E+06             1.39769137E+09         656.255798E-03           137.988434E-03            10.6602917                7.95150852               2.70878243    
                   7.69950008E+03         349.463104E-03           755.817871E+06             1.11774838E+09         643.940063E+06             1.42414534E+09         676.192871E-03           125.12645E-03             10.7233715                7.88485193               2.83851957    
                   7.70504999E+03         392.802002E-03           784.313232E+06             1.12311757E+09         647.294861E+06             1.45366859E+09         698.331787E-03           112.626595E-03            10.7983027                7.81341505               2.98488474    
                   7.7105999E+03          442.790436E-03           816.382751E+06             1.12886536E+09         650.835083E+06             1.48699892E+09         723.183838E-03           100.454422E-03            10.8879547                7.73608208               3.15187502    
                   7.71614981E+03         501.47934E-03            853.065552E+06             1.13511336E+09         654.632507E+06             1.52523112E+09         751.519653E-03            88.5173721E-03           11.0514431                7.70422268               3.34722209    
                   7.72170019E+03         572.195801E-03           896.027466E+06             1.14205885E+09         658.799561E+06             1.57012737E+09         784.566833E-03            76.7414169E-03           11.1515102                7.76490736               3.38660121    
                   7.7272501E+03          660.87677E-03            948.216675E+06             1.15004158E+09         663.525696E+06             1.6248033E+09          824.501343E-03            64.9954224E-03           11.2543421                7.83781481               3.41652775    
                   7.73280001E+03         779.706665E-03             1.01569951E+09           1.15974391E+09         669.174622E+06             1.69565296E+09         875.790955E-03            53.0974922E-03           11.385808                 7.9310317                3.45477724    
                   7.73834991E+03         940.407715E-03             1.09875596E+09           1.17147958E+09         675.673767E+06             1.78300834E+09         937.916565E-03            41.627655E-03            11.5830126                8.0708847                3.51212859    
                   7.74389982E+03           1.15234363               1.19731951E+09           1.18514633E+09         682.42218E+06              1.88687134E+09           1.01027071              33.673748E-03            11.8652992                8.27112007               3.59417987    
                   7.74945021E+03           1.33988595               1.26289082E+09           1.19595289E+09         686.329651E+06             1.95574212E+09           1.05597913              29.7664528E-03           12.2519226                8.54545307               3.7064693     
                   7.75500011E+03           1.47723317               1.29174912E+09           1.20325172E+09         687.608154E+06             1.98545623E+09           1.07356811              26.9611454E-03           12.7313356                8.88576889               3.84556866    




