
                     X                  AVERAGE_UVARM1           AVERAGE_UVARM2           AVERAGE_UVARM3           AVERAGE_UVARM4           AVERAGE_UVARM5           AVERAGE_UVARM6           AVERAGE_UVARM7           AVERAGE_UVARM8           AVERAGE_UVARM9          AVERAGE_UVARM10    

                   7.19999981E+03           0.                       0.                       0.                       0.                       0.                       0.                       0.                      10.3157406                8.72422028               1.59152031    
                   7.20716E+03              0.                      15.6792803E+06           39.2376518E+06           20.4515762E+06           41.756115E+06           399.831482E-03           849.183411E-03            10.3157597                8.72423744               1.59152293    
                   7.21431971E+03           0.                      31.3541718E+06           78.4708862E+06           40.8998108E+06           83.5051193E+06          399.797882E-03           849.285095E-03            10.316205                 8.72461891               1.59158659    
                   7.22147989E+03           0.                      47.0246658E+06          117.699677E+06            61.3447037E+06          125.247009E+06           399.764374E-03           849.386414E-03            10.3171196                8.72540283               1.59171665    
                   7.22864008E+03           0.                      62.690773E+06           156.924057E+06            81.7862625E+06          166.981812E+06           399.730865E-03           849.487793E-03            10.3184481                8.72654247               1.59190619    
                   7.23579979E+03           0.                      78.3525238E+06          196.144058E+06           102.224495E+06           208.709488E+06           399.697327E-03           849.588989E-03            10.3201227                8.72797966               1.59214461    
                   7.24295998E+03           0.                      94.0098801E+06          235.359573E+06           122.659386E+06           250.43013E+06            399.66391E-03            849.690186E-03            10.3220844                8.72966003               1.59242392    
                   7.25012016E+03           0.                     109.662895E+06           274.570709E+06           143.090942E+06           292.143616E+06           399.630371E-03           849.791321E-03            10.3242769                8.73154068               1.59273636    
                   7.25727987E+03           0.                     125.311539E+06           313.777466E+06           163.51918E+06            333.850098E+06           399.597015E-03           849.892334E-03            10.3266659                8.73358727               1.59307647    
                   7.26444006E+03           0.                     140.955795E+06           352.979797E+06           183.944077E+06           375.549347E+06           399.563629E-03           849.993225E-03            10.3292122                8.73577404               1.59343958    
                   7.27160025E+03           0.                     156.595642E+06           392.177643E+06           204.365692E+06           417.241638E+06           399.530212E-03           850.094116E-03            10.3318939                8.7380743                1.59382176    
                   7.27875996E+03           0.                     172.231232E+06           431.371094E+06           224.783951E+06           458.92688E+06            399.496948E-03           850.194885E-03            10.3346939                8.7404747                1.5942204     
                   7.28592014E+03           0.                     187.862411E+06           470.560211E+06           245.198853E+06           500.60498E+06            399.463623E-03           850.29541E-03             10.3375883                8.74295616               1.59463298    
                   7.29307985E+03           0.                     203.489304E+06           509.744812E+06           265.610504E+06           542.276062E+06           399.430267E-03           850.396179E-03            10.3405704                8.74551296               1.59505785    
                   7.30024004E+03           0.                     219.111786E+06           548.925049E+06           286.018768E+06           583.940063E+06           399.397095E-03           850.496399E-03            10.3436213                8.74812889               1.59549272    
                   7.30739975E+03           0.                     234.729919E+06           588.100952E+06           306.423767E+06           625.596985E+06           399.363861E-03           850.596863E-03            10.3467369                8.75079918               1.59593618    
                   7.31455994E+03           0.                     250.343811E+06           627.2724E+06             326.82547E+06            667.246948E+06           399.330658E-03           850.697021E-03            10.3499069                8.7535181                1.5963881     
                   7.32172012E+03           0.                     265.953339E+06           666.439453E+06           347.223816E+06           708.889709E+06           399.297455E-03           850.797302E-03            10.3531218                8.75627708               1.59684646    
                   7.32887983E+03           0.                     283.126038E+06           707.282166E+06           368.826385E+06           753.139404E+06           400.543243E-03           847.290955E-03            10.3563776                8.75906849               1.59730995    
                   7.33604002E+03           0.                     302.197052E+06           753.623535E+06           393.161621E+06           802.968994E+06           401.258301E-03           845.56189E-03             10.3655348                8.76691818               1.59861457    
                   7.34320021E+03           0.                     323.715607E+06           807.991821E+06           421.332092E+06           860.656433E+06           400.959534E-03           847.418213E-03            10.3870125                8.78533554               1.60167468    
                   7.35035992E+03          55.4590797E-06          344.392456E+06           858.272888E+06           446.390411E+06           914.986267E+06           401.347015E-03           857.807129E-03            10.4195156                8.81299877               1.606516      
                   7.3575201E+03          314.78714E-06            358.004761E+06           872.587708E+06           450.581329E+06           938.687256E+06           410.279755E-03           885.848328E-03            10.4573555                8.84446144               1.61289394    
                   7.36468029E+03         655.601013E-06           368.841919E+06           875.737732E+06           448.469116E+06           952.111633E+06           421.178986E-03           917.02771E-03             10.4899874                8.87114143               1.61884642    
                   7.37184E+03              1.03137374E-03         379.204346E+06           879.21106E+06            446.744476E+06           965.100037E+06           431.301453E-03           945.414978E-03            10.5154839                8.89156437               1.62391996    
                   7.37900019E+03           1.43400693E-03         388.708801E+06           882.932617E+06           445.509613E+06           977.252869E+06           440.248352E-03           970.401733E-03            10.5357561                8.90739822               1.6283561     
                   7.38616037E+03           1.86581159E-03         397.09494E+06            886.923645E+06           445.195801E+06           988.361206E+06           447.722656E-03           990.209961E-03            10.5551472                8.92236233               1.63278317    
                   7.39331961E+03           2.33251333E-03         404.608795E+06           891.237427E+06           447.158539E+06           998.75354E+06            453.986603E-03           992.512024E-03            10.5745907                8.93723392               1.63735747    
                   7.40047979E+03           2.82996583E-03         411.131958E+06           895.835327E+06           450.65387E+06              1.00831807E+09         458.938171E-03           982.104492E-03            10.593894                 8.95185852               1.64203465    
                   7.40763998E+03           3.36169219E-03         416.734467E+06           900.750061E+06           453.965851E+06             1.01717186E+09         462.654114E-03           975.241272E-03            10.6127148                8.9659338                1.64678121    
                   7.41479969E+03           3.92931652E-03         421.406982E+06           905.996643E+06           456.907928E+06             1.02533078E+09         465.132416E-03           972.812439E-03            10.6310091                8.97941303               1.65159655    
                   7.42195988E+03           4.53378487E-03         425.230316E+06           911.58374E+06            459.490387E+06             1.03288651E+09         466.476013E-03           974.535767E-03            10.648654                 8.99218655               1.65646636    
                   7.42912006E+03           5.17947149E-03         428.261597E+06           917.551697E+06           461.76651E+06              1.03991842E+09         466.745667E-03           980.111145E-03            10.6655769                9.004179                 1.66139734    
                   7.43627977E+03           5.86772823E-03         430.5401E+06             923.913208E+06           463.941284E+06             1.04646194E+09         465.998199E-03           988.384705E-03            10.6816921                9.01531029               1.66638303    
                   7.44343996E+03           6.60025978E-03         432.156158E+06           930.684082E+06           466.838623E+06             1.05260193E+09         464.344543E-03           991.750244E-03            10.6969147                9.02549934               1.67141628    
                   7.45060015E+03           7.38002682E-03         433.286652E+06           937.891296E+06           471.2052E+06               1.05852246E+09         461.982147E-03           985.460632E-03            10.7112436                9.03473282               1.67650902    
                   7.45775986E+03           8.20862961E-03         434.158875E+06           945.37384E+06            476.507538E+06             1.06434166E+09         459.248047E-03           973.608582E-03            10.7247152                9.04304028               1.6816721     
                   7.46492004E+03           9.0905838E-03          435.113342E+06           952.729492E+06           481.520996E+06             1.07014763E+09         456.704163E-03           964.076477E-03            10.7376251                9.05065918               1.68696606    
                   7.47208023E+03          10.0270309E-03          436.271881E+06           959.645386E+06           485.729858E+06             1.07588148E+09         454.619415E-03           958.924683E-03            10.7503042                9.05786228               1.69244301    
                   7.47924042E+03          11.0217533E-03          437.523621E+06           965.013123E+06           488.473358E+06             1.08070922E+09         453.387299E-03           958.751953E-03            10.7623825                9.06431961               1.6980629     
                   7.48640013E+03          12.0858107E-03          439.153076E+06           970.395508E+06           490.929138E+06             1.08593976E+09         452.552094E-03           960.706848E-03            10.772954                 9.06921768               1.70373631    
                   7.49355984E+03          13.2527142E-03          441.206024E+06           976.297729E+06           493.500732E+06             1.09194636E+09         451.919128E-03           963.70575E-03             10.7819319                9.07235336               1.70957756    
                   7.50072002E+03          14.5724144E-03          443.738312E+06           982.973206E+06           496.373413E+06             1.09894943E+09         451.426453E-03           967.323303E-03            10.789753                 9.07390785               1.7158432     
                   7.50787973E+03          16.1270294E-03          447.002899E+06           990.836731E+06           499.788269E+06             1.10747695E+09         451.138794E-03           971.330139E-03            10.7971582                9.07419968               1.72295904    
                   7.51503992E+03          18.0713367E-03          452.122284E+06             1.00067151E+09         504.232727E+06             1.11916983E+09         451.82135E-03            975.069702E-03            10.8050528                9.07339668               1.73165512    
                   7.52220011E+03          20.8906784E-03          460.038849E+06             1.01252079E+09         509.079651E+06             1.13501632E+09         454.350677E-03           983.296448E-03            10.8169909                9.07265472               1.74433649    
                   7.52935982E+03          27.7541714E-03          473.39151E+06              1.02865386E+09         516.010864E+06             1.15914953E+09         460.206085E-03           991.723389E-03            10.83673                  9.06294823               1.77378225    
                   7.53652E+03             36.2934837E-03          482.306519E+06             1.04165888E+09         522.49762E+06              1.17673445E+09         463.01828E-03            991.829468E-03            10.8638306                9.05309391               1.8107357     
                   7.54368019E+03          45.6553535E-03          486.284241E+06             1.05041492E+09         526.792908E+06             1.18655097E+09         462.945404E-03           992.186157E-03            10.8962011                9.04461098               1.85159135    
                   7.5508399E+03           55.6353989E-03          488.290924E+06             1.0565995E+09          529.849609E+06             1.19268143E+09         462.134613E-03           992.357117E-03            10.9296761                9.03477001               1.89490592    
                   7.55800009E+03          66.2420578E-03          489.766144E+06             1.06148553E+09         532.302246E+06             1.19741285E+09         461.397064E-03           992.359558E-03            10.9633226                9.02278805               1.94053459    
                   7.56516027E+03          77.4766312E-03          490.769775E+06             1.06572044E+09         534.525085E+06             1.20123768E+09         460.505524E-03           991.895447E-03            10.9979696                9.00938606               1.98858607    
                   7.57231998E+03          89.3978119E-03          491.681274E+06             1.06961858E+09         536.657166E+06             1.20474505E+09         459.679382E-03           990.724121E-03            11.0342932                8.99492741               2.03936577    
                   7.57948017E+03         102.162094E-03           493.01886E+06              1.07334471E+09         538.548462E+06             1.20856595E+09         459.329559E-03           990.581543E-03            11.0729485                8.9794054                2.09354377    
                   7.58664036E+03         115.949142E-03           494.868439E+06             1.07697928E+09         540.211792E+06             1.21284068E+09         459.49704E-03            991.735657E-03            11.1146383                8.96276474               2.15187573    
                   7.59379959E+03         130.923126E-03           497.379059E+06             1.0807358E+09          541.863586E+06             1.21785903E+09         460.222748E-03           993.086487E-03            11.1602392                8.94515133               2.21508408    
                   7.60095978E+03         146.674454E-03           499.826538E+06             1.08438325E+09         543.677124E+06             1.22273886E+09         460.931763E-03           993.648132E-03            11.2102842                8.92853069               2.28175163    
                   7.60811996E+03         163.144058E-03           502.311493E+06             1.08789146E+09         545.512085E+06             1.22756171E+09         461.729523E-03           993.638E-03               11.2647085                8.91305447               2.35165405    
                   7.61527967E+03         180.22522E-03            504.939362E+06             1.09135568E+09         547.487915E+06             1.23249578E+09         462.671814E-03           991.99115E-03             11.3234024                8.89900303               2.42439818    
                   7.62243986E+03         196.541809E-03           507.516541E+06             1.09446025E+09         549.442139E+06             1.23713672E+09         463.714172E-03           989.118713E-03            11.3855324                8.89056015               2.49497151    
                   7.62960005E+03         210.60611E-03            509.826111E+06             1.0969851E+09          551.134949E+06             1.24112201E+09         464.752472E-03           986.184509E-03            11.4493446                8.8914547                2.55788851    
                   7.63675976E+03         215.471741E-03           510.613953E+06             1.09784067E+09         551.707336E+06             1.24247754E+09         465.107727E-03           985.227417E-03            11.509201                 8.92150211               2.58770061    
                   7.64391994E+03         220.235794E-03           511.437469E+06             1.09867859E+09         552.289124E+06             1.24385631E+09         465.502502E-03           984.151367E-03            11.5647287                8.94839287               2.61633492    
                   7.65108013E+03         225.184753E-03           512.349548E+06             1.09952664E+09         552.904114E+06             1.24532914E+09         465.973083E-03           982.895081E-03            11.6167336                8.97177601               2.6449585     
                   7.65399981E+03         227.264709E-03           512.747864E+06             1.09987974E+09         553.164673E+06             1.24596107E+09         466.185455E-03           982.346069E-03            11.6375895                8.98079205               2.65679765    




