1 8 96 659 125 1 21 499 76
2 96 95 660 659 21 22 500 499
3 95 94 661 660 22 23 501 500
4 94 93 662 661 23 24 502 501
5 93 92 663 662 24 25 503 502
6 92 91 664 663 25 26 504 503
7 91 90 665 664 26 27 505 504
8 90 89 666 665 27 28 506 505
9 89 88 667 666 28 29 507 506
10 88 87 668 667 29 30 508 507
11 87 86 669 668 30 31 509 508
12 86 85 670 669 31 32 510 509
13 85 84 671 670 32 33 511 510
14 84 83 672 671 33 34 512 511
15 83 82 673 672 34 35 513 512
16 82 81 674 673 35 36 514 513
17 81 80 675 674 36 37 515 514
18 80 79 676 675 37 38 516 515
19 79 78 677 676 38 39 517 516
20 78 77 678 677 39 40 518 517
21 77 5 104 678 40 2 41 518
22 125 659 679 126 76 499 519 75
23 659 660 680 679 499 500 520 519
24 660 661 681 680 500 501 521 520
25 661 662 682 681 501 502 522 521
26 662 663 683 682 502 503 523 522
27 663 664 684 683 503 504 524 523
28 664 665 685 684 504 505 525 524
29 665 666 686 685 505 506 526 525
30 666 667 687 686 506 507 527 526
31 667 668 688 687 507 508 528 527
32 668 669 689 688 508 509 529 528
33 669 670 690 689 509 510 530 529
34 670 671 691 690 510 511 531 530
35 671 672 692 691 511 512 532 531
36 672 673 693 692 512 513 533 532
37 673 674 694 693 513 514 534 533
38 674 675 695 694 514 515 535 534
39 675 676 696 695 515 516 536 535
40 676 677 697 696 516 517 537 536
41 677 678 698 697 517 518 538 537
42 678 104 103 698 518 41 42 538
43 126 679 699 127 75 519 539 74
44 679 680 700 699 519 520 540 539
45 680 681 701 700 520 521 541 540
46 681 682 702 701 521 522 542 541
47 682 683 703 702 522 523 543 542
48 683 684 704 703 523 524 544 543
49 684 685 705 704 524 525 545 544
50 685 686 706 705 525 526 546 545
51 686 687 707 706 526 527 547 546
52 687 688 708 707 527 528 548 547
53 688 689 709 708 528 529 549 548
54 689 690 710 709 529 530 550 549
55 690 691 711 710 530 531 551 550
56 691 692 712 711 531 532 552 551
57 692 693 713 712 532 533 553 552
58 693 694 714 713 533 534 554 553
59 694 695 715 714 534 535 555 554
60 695 696 716 715 535 536 556 555
61 696 697 717 716 536 537 557 556
62 697 698 718 717 537 538 558 557
63 698 103 102 718 538 42 43 558
64 127 699 719 128 74 539 559 73
65 699 700 720 719 539 540 560 559
66 700 701 721 720 540 541 561 560
67 701 702 722 721 541 542 562 561
68 702 703 723 722 542 543 563 562
69 703 704 724 723 543 544 564 563
70 704 705 725 724 544 545 565 564
71 705 706 726 725 545 546 566 565
72 706 707 727 726 546 547 567 566
73 707 708 728 727 547 548 568 567
74 708 709 729 728 548 549 569 568
75 709 710 730 729 549 550 570 569
76 710 711 731 730 550 551 571 570
77 711 712 732 731 551 552 572 571
78 712 713 733 732 552 553 573 572
79 713 714 734 733 553 554 574 573
80 714 715 735 734 554 555 575 574
81 715 716 736 735 555 556 576 575
82 716 717 737 736 556 557 577 576
83 717 718 738 737 557 558 578 577
84 718 102 101 738 558 43 44 578
85 128 719 739 129 73 559 579 72
86 719 720 740 739 559 560 580 579
87 720 721 741 740 560 561 581 580
88 721 722 742 741 561 562 582 581
89 722 723 743 742 562 563 583 582
90 723 724 744 743 563 564 584 583
91 724 725 745 744 564 565 585 584
92 725 726 746 745 565 566 586 585
93 726 727 747 746 566 567 587 586
94 727 728 748 747 567 568 588 587
95 728 729 749 748 568 569 589 588
96 729 730 750 749 569 570 590 589
97 730 731 751 750 570 571 591 590
98 731 732 752 751 571 572 592 591
99 732 733 753 752 572 573 593 592
100 733 734 754 753 573 574 594 593
101 734 735 755 754 574 575 595 594
102 735 736 756 755 575 576 596 595
103 736 737 757 756 576 577 597 596
104 737 738 758 757 577 578 598 597
105 738 101 100 758 578 44 45 598
106 129 739 759 130 72 579 599 71
107 739 740 760 759 579 580 600 599
108 740 741 761 760 580 581 601 600
109 741 742 762 761 581 582 602 601
110 742 743 763 762 582 583 603 602
111 743 744 764 763 583 584 604 603
112 744 745 765 764 584 585 605 604
113 745 746 766 765 585 586 606 605
114 746 747 767 766 586 587 607 606
115 747 748 768 767 587 588 608 607
116 748 749 769 768 588 589 609 608
117 749 750 770 769 589 590 610 609
118 750 751 771 770 590 591 611 610
119 751 752 772 771 591 592 612 611
120 752 753 773 772 592 593 613 612
121 753 754 774 773 593 594 614 613
122 754 755 775 774 594 595 615 614
123 755 756 776 775 595 596 616 615
124 756 757 777 776 596 597 617 616
125 757 758 778 777 597 598 618 617
126 758 100 99 778 598 45 46 618
127 130 759 779 131 71 599 619 70
128 759 760 780 779 599 600 620 619
129 760 761 781 780 600 601 621 620
130 761 762 782 781 601 602 622 621
131 762 763 783 782 602 603 623 622
132 763 764 784 783 603 604 624 623
133 764 765 785 784 604 605 625 624
134 765 766 786 785 605 606 626 625
135 766 767 787 786 606 607 627 626
136 767 768 788 787 607 608 628 627
137 768 769 789 788 608 609 629 628
138 769 770 790 789 609 610 630 629
139 770 771 791 790 610 611 631 630
140 771 772 792 791 611 612 632 631
141 772 773 793 792 612 613 633 632
142 773 774 794 793 613 614 634 633
143 774 775 795 794 614 615 635 634
144 775 776 796 795 615 616 636 635
145 776 777 797 796 616 617 637 636
146 777 778 798 797 617 618 638 637
147 778 99 98 798 618 46 47 638
148 131 779 799 132 70 619 639 69
149 779 780 800 799 619 620 640 639
150 780 781 801 800 620 621 641 640
151 781 782 802 801 621 622 642 641
152 782 783 803 802 622 623 643 642
153 783 784 804 803 623 624 644 643
154 784 785 805 804 624 625 645 644
155 785 786 806 805 625 626 646 645
156 786 787 807 806 626 627 647 646
157 787 788 808 807 627 628 648 647
158 788 789 809 808 628 629 649 648
159 789 790 810 809 629 630 650 649
160 790 791 811 810 630 631 651 650
161 791 792 812 811 631 632 652 651
162 792 793 813 812 632 633 653 652
163 793 794 814 813 633 634 654 653
164 794 795 815 814 634 635 655 654
165 795 796 816 815 635 636 656 655
166 796 797 817 816 636 637 657 656
167 797 798 818 817 637 638 658 657
168 798 98 97 818 638 47 48 658
169 132 799 105 7 69 639 68 4
170 799 800 106 105 639 640 67 68
171 800 801 107 106 640 641 66 67
172 801 802 108 107 641 642 65 66
173 802 803 109 108 642 643 64 65
174 803 804 110 109 643 644 63 64
175 804 805 111 110 644 645 62 63
176 805 806 112 111 645 646 61 62
177 806 807 113 112 646 647 60 61
178 807 808 114 113 647 648 59 60
179 808 809 115 114 648 649 58 59
180 809 810 116 115 649 650 57 58
181 810 811 117 116 650 651 56 57
182 811 812 118 117 651 652 55 56
183 812 813 119 118 652 653 54 55
184 813 814 120 119 653 654 53 54
185 814 815 121 120 654 655 52 53
186 815 816 122 121 655 656 51 52
187 816 817 123 122 656 657 50 51
188 817 818 124 123 657 658 49 50
189 818 97 6 124 658 48 3 49
190 204 221 1139 819 9 10 133 172
191 819 1139 1140 820 172 133 134 171
192 820 1140 1141 821 171 134 135 170
193 821 1141 1142 822 170 135 136 169
194 822 1142 1143 823 169 136 137 168
195 823 1143 1144 824 168 137 138 167
196 824 1144 1145 825 167 138 139 166
197 825 1145 1146 826 166 139 140 165
198 826 1146 1147 827 165 140 141 164
199 827 1147 1148 828 164 141 142 163
200 828 1148 1149 829 163 142 143 162
201 829 1149 1150 830 162 143 144 161
202 830 1150 1151 831 161 144 145 160
203 831 1151 1152 832 160 145 146 159
204 832 1152 1153 833 159 146 147 158
205 833 1153 1154 834 158 147 148 157
206 834 1154 1155 835 157 148 149 156
207 835 1155 1156 836 156 149 150 155
208 836 1156 1157 837 155 150 151 154
209 837 1157 1158 838 154 151 152 153
210 838 1158 220 173 153 152 11 12
211 203 222 1159 839 204 221 1139 819
212 839 1159 1160 840 819 1139 1140 820
213 840 1160 1161 841 820 1140 1141 821
214 841 1161 1162 842 821 1141 1142 822
215 842 1162 1163 843 822 1142 1143 823
216 843 1163 1164 844 823 1143 1144 824
217 844 1164 1165 845 824 1144 1145 825
218 845 1165 1166 846 825 1145 1146 826
219 846 1166 1167 847 826 1146 1147 827
220 847 1167 1168 848 827 1147 1148 828
221 848 1168 1169 849 828 1148 1149 829
222 849 1169 1170 850 829 1149 1150 830
223 850 1170 1171 851 830 1150 1151 831
224 851 1171 1172 852 831 1151 1152 832
225 852 1172 1173 853 832 1152 1153 833
226 853 1173 1174 854 833 1153 1154 834
227 854 1174 1175 855 834 1154 1155 835
228 855 1175 1176 856 835 1155 1156 836
229 856 1176 1177 857 836 1156 1157 837
230 857 1177 1178 858 837 1157 1158 838
231 858 1178 219 174 838 1158 220 173
232 202 223 1179 859 203 222 1159 839
233 859 1179 1180 860 839 1159 1160 840
234 860 1180 1181 861 840 1160 1161 841
235 861 1181 1182 862 841 1161 1162 842
236 862 1182 1183 863 842 1162 1163 843
237 863 1183 1184 864 843 1163 1164 844
238 864 1184 1185 865 844 1164 1165 845
239 865 1185 1186 866 845 1165 1166 846
240 866 1186 1187 867 846 1166 1167 847
241 867 1187 1188 868 847 1167 1168 848
242 868 1188 1189 869 848 1168 1169 849
243 869 1189 1190 870 849 1169 1170 850
244 870 1190 1191 871 850 1170 1171 851
245 871 1191 1192 872 851 1171 1172 852
246 872 1192 1193 873 852 1172 1173 853
247 873 1193 1194 874 853 1173 1174 854
248 874 1194 1195 875 854 1174 1175 855
249 875 1195 1196 876 855 1175 1176 856
250 876 1196 1197 877 856 1176 1177 857
251 877 1197 1198 878 857 1177 1178 858
252 878 1198 218 175 858 1178 219 174
253 201 224 1199 879 202 223 1179 859
254 879 1199 1200 880 859 1179 1180 860
255 880 1200 1201 881 860 1180 1181 861
256 881 1201 1202 882 861 1181 1182 862
257 882 1202 1203 883 862 1182 1183 863
258 883 1203 1204 884 863 1183 1184 864
259 884 1204 1205 885 864 1184 1185 865
260 885 1205 1206 886 865 1185 1186 866
261 886 1206 1207 887 866 1186 1187 867
262 887 1207 1208 888 867 1187 1188 868
263 888 1208 1209 889 868 1188 1189 869
264 889 1209 1210 890 869 1189 1190 870
265 890 1210 1211 891 870 1190 1191 871
266 891 1211 1212 892 871 1191 1192 872
267 892 1212 1213 893 872 1192 1193 873
268 893 1213 1214 894 873 1193 1194 874
269 894 1214 1215 895 874 1194 1195 875
270 895 1215 1216 896 875 1195 1196 876
271 896 1216 1217 897 876 1196 1197 877
272 897 1217 1218 898 877 1197 1198 878
273 898 1218 217 176 878 1198 218 175
274 200 225 1219 899 201 224 1199 879
275 899 1219 1220 900 879 1199 1200 880
276 900 1220 1221 901 880 1200 1201 881
277 901 1221 1222 902 881 1201 1202 882
278 902 1222 1223 903 882 1202 1203 883
279 903 1223 1224 904 883 1203 1204 884
280 904 1224 1225 905 884 1204 1205 885
281 905 1225 1226 906 885 1205 1206 886
282 906 1226 1227 907 886 1206 1207 887
283 907 1227 1228 908 887 1207 1208 888
284 908 1228 1229 909 888 1208 1209 889
285 909 1229 1230 910 889 1209 1210 890
286 910 1230 1231 911 890 1210 1211 891
287 911 1231 1232 912 891 1211 1212 892
288 912 1232 1233 913 892 1212 1213 893
289 913 1233 1234 914 893 1213 1214 894
290 914 1234 1235 915 894 1214 1215 895
291 915 1235 1236 916 895 1215 1216 896
292 916 1236 1237 917 896 1216 1217 897
293 917 1237 1238 918 897 1217 1218 898
294 918 1238 216 177 898 1218 217 176
295 199 226 1239 919 200 225 1219 899
296 919 1239 1240 920 899 1219 1220 900
297 920 1240 1241 921 900 1220 1221 901
298 921 1241 1242 922 901 1221 1222 902
299 922 1242 1243 923 902 1222 1223 903
300 923 1243 1244 924 903 1223 1224 904
301 924 1244 1245 925 904 1224 1225 905
302 925 1245 1246 926 905 1225 1226 906
303 926 1246 1247 927 906 1226 1227 907
304 927 1247 1248 928 907 1227 1228 908
305 928 1248 1249 929 908 1228 1229 909
306 929 1249 1250 930 909 1229 1230 910
307 930 1250 1251 931 910 1230 1231 911
308 931 1251 1252 932 911 1231 1232 912
309 932 1252 1253 933 912 1232 1233 913
310 933 1253 1254 934 913 1233 1234 914
311 934 1254 1255 935 914 1234 1235 915
312 935 1255 1256 936 915 1235 1236 916
313 936 1256 1257 937 916 1236 1237 917
314 937 1257 1258 938 917 1237 1238 918
315 938 1258 215 178 918 1238 216 177
316 198 227 1259 939 199 226 1239 919
317 939 1259 1260 940 919 1239 1240 920
318 940 1260 1261 941 920 1240 1241 921
319 941 1261 1262 942 921 1241 1242 922
320 942 1262 1263 943 922 1242 1243 923
321 943 1263 1264 944 923 1243 1244 924
322 944 1264 1265 945 924 1244 1245 925
323 945 1265 1266 946 925 1245 1246 926
324 946 1266 1267 947 926 1246 1247 927
325 947 1267 1268 948 927 1247 1248 928
326 948 1268 1269 949 928 1248 1249 929
327 949 1269 1270 950 929 1249 1250 930
328 950 1270 1271 951 930 1250 1251 931
329 951 1271 1272 952 931 1251 1252 932
330 952 1272 1273 953 932 1252 1253 933
331 953 1273 1274 954 933 1253 1254 934
332 954 1274 1275 955 934 1254 1255 935
333 955 1275 1276 956 935 1255 1256 936
334 956 1276 1277 957 936 1256 1257 937
335 957 1277 1278 958 937 1257 1258 938
336 958 1278 214 179 938 1258 215 178
337 197 228 1279 959 198 227 1259 939
338 959 1279 1280 960 939 1259 1260 940
339 960 1280 1281 961 940 1260 1261 941
340 961 1281 1282 962 941 1261 1262 942
341 962 1282 1283 963 942 1262 1263 943
342 963 1283 1284 964 943 1263 1264 944
343 964 1284 1285 965 944 1264 1265 945
344 965 1285 1286 966 945 1265 1266 946
345 966 1286 1287 967 946 1266 1267 947
346 967 1287 1288 968 947 1267 1268 948
347 968 1288 1289 969 948 1268 1269 949
348 969 1289 1290 970 949 1269 1270 950
349 970 1290 1291 971 950 1270 1271 951
350 971 1291 1292 972 951 1271 1272 952
351 972 1292 1293 973 952 1272 1273 953
352 973 1293 1294 974 953 1273 1274 954
353 974 1294 1295 975 954 1274 1275 955
354 975 1295 1296 976 955 1275 1276 956
355 976 1296 1297 977 956 1276 1277 957
356 977 1297 1298 978 957 1277 1278 958
357 978 1298 213 180 958 1278 214 179
358 196 229 1299 979 197 228 1279 959
359 979 1299 1300 980 959 1279 1280 960
360 980 1300 1301 981 960 1280 1281 961
361 981 1301 1302 982 961 1281 1282 962
362 982 1302 1303 983 962 1282 1283 963
363 983 1303 1304 984 963 1283 1284 964
364 984 1304 1305 985 964 1284 1285 965
365 985 1305 1306 986 965 1285 1286 966
366 986 1306 1307 987 966 1286 1287 967
367 987 1307 1308 988 967 1287 1288 968
368 988 1308 1309 989 968 1288 1289 969
369 989 1309 1310 990 969 1289 1290 970
370 990 1310 1311 991 970 1290 1291 971
371 991 1311 1312 992 971 1291 1292 972
372 992 1312 1313 993 972 1292 1293 973
373 993 1313 1314 994 973 1293 1294 974
374 994 1314 1315 995 974 1294 1295 975
375 995 1315 1316 996 975 1295 1296 976
376 996 1316 1317 997 976 1296 1297 977
377 997 1317 1318 998 977 1297 1298 978
378 998 1318 212 181 978 1298 213 180
379 195 230 1319 999 196 229 1299 979
380 999 1319 1320 1000 979 1299 1300 980
381 1000 1320 1321 1001 980 1300 1301 981
382 1001 1321 1322 1002 981 1301 1302 982
383 1002 1322 1323 1003 982 1302 1303 983
384 1003 1323 1324 1004 983 1303 1304 984
385 1004 1324 1325 1005 984 1304 1305 985
386 1005 1325 1326 1006 985 1305 1306 986
387 1006 1326 1327 1007 986 1306 1307 987
388 1007 1327 1328 1008 987 1307 1308 988
389 1008 1328 1329 1009 988 1308 1309 989
390 1009 1329 1330 1010 989 1309 1310 990
391 1010 1330 1331 1011 990 1310 1311 991
392 1011 1331 1332 1012 991 1311 1312 992
393 1012 1332 1333 1013 992 1312 1313 993
394 1013 1333 1334 1014 993 1313 1314 994
395 1014 1334 1335 1015 994 1314 1315 995
396 1015 1335 1336 1016 995 1315 1316 996
397 1016 1336 1337 1017 996 1316 1317 997
398 1017 1337 1338 1018 997 1317 1318 998
399 1018 1338 211 182 998 1318 212 181
400 194 231 1339 1019 195 230 1319 999
401 1019 1339 1340 1020 999 1319 1320 1000
402 1020 1340 1341 1021 1000 1320 1321 1001
403 1021 1341 1342 1022 1001 1321 1322 1002
404 1022 1342 1343 1023 1002 1322 1323 1003
405 1023 1343 1344 1024 1003 1323 1324 1004
406 1024 1344 1345 1025 1004 1324 1325 1005
407 1025 1345 1346 1026 1005 1325 1326 1006
408 1026 1346 1347 1027 1006 1326 1327 1007
409 1027 1347 1348 1028 1007 1327 1328 1008
410 1028 1348 1349 1029 1008 1328 1329 1009
411 1029 1349 1350 1030 1009 1329 1330 1010
412 1030 1350 1351 1031 1010 1330 1331 1011
413 1031 1351 1352 1032 1011 1331 1332 1012
414 1032 1352 1353 1033 1012 1332 1333 1013
415 1033 1353 1354 1034 1013 1333 1334 1014
416 1034 1354 1355 1035 1014 1334 1335 1015
417 1035 1355 1356 1036 1015 1335 1336 1016
418 1036 1356 1357 1037 1016 1336 1337 1017
419 1037 1357 1358 1038 1017 1337 1338 1018
420 1038 1358 210 183 1018 1338 211 182
421 193 232 1359 1039 194 231 1339 1019
422 1039 1359 1360 1040 1019 1339 1340 1020
423 1040 1360 1361 1041 1020 1340 1341 1021
424 1041 1361 1362 1042 1021 1341 1342 1022
425 1042 1362 1363 1043 1022 1342 1343 1023
426 1043 1363 1364 1044 1023 1343 1344 1024
427 1044 1364 1365 1045 1024 1344 1345 1025
428 1045 1365 1366 1046 1025 1345 1346 1026
429 1046 1366 1367 1047 1026 1346 1347 1027
430 1047 1367 1368 1048 1027 1347 1348 1028
431 1048 1368 1369 1049 1028 1348 1349 1029
432 1049 1369 1370 1050 1029 1349 1350 1030
433 1050 1370 1371 1051 1030 1350 1351 1031
434 1051 1371 1372 1052 1031 1351 1352 1032
435 1052 1372 1373 1053 1032 1352 1353 1033
436 1053 1373 1374 1054 1033 1353 1354 1034
437 1054 1374 1375 1055 1034 1354 1355 1035
438 1055 1375 1376 1056 1035 1355 1356 1036
439 1056 1376 1377 1057 1036 1356 1357 1037
440 1057 1377 1378 1058 1037 1357 1358 1038
441 1058 1378 209 184 1038 1358 210 183
442 192 233 1379 1059 193 232 1359 1039
443 1059 1379 1380 1060 1039 1359 1360 1040
444 1060 1380 1381 1061 1040 1360 1361 1041
445 1061 1381 1382 1062 1041 1361 1362 1042
446 1062 1382 1383 1063 1042 1362 1363 1043
447 1063 1383 1384 1064 1043 1363 1364 1044
448 1064 1384 1385 1065 1044 1364 1365 1045
449 1065 1385 1386 1066 1045 1365 1366 1046
450 1066 1386 1387 1067 1046 1366 1367 1047
451 1067 1387 1388 1068 1047 1367 1368 1048
452 1068 1388 1389 1069 1048 1368 1369 1049
453 1069 1389 1390 1070 1049 1369 1370 1050
454 1070 1390 1391 1071 1050 1370 1371 1051
455 1071 1391 1392 1072 1051 1371 1372 1052
456 1072 1392 1393 1073 1052 1372 1373 1053
457 1073 1393 1394 1074 1053 1373 1374 1054
458 1074 1394 1395 1075 1054 1374 1375 1055
459 1075 1395 1396 1076 1055 1375 1376 1056
460 1076 1396 1397 1077 1056 1376 1377 1057
461 1077 1397 1398 1078 1057 1377 1378 1058
462 1078 1398 208 185 1058 1378 209 184
463 191 234 1399 1079 192 233 1379 1059
464 1079 1399 1400 1080 1059 1379 1380 1060
465 1080 1400 1401 1081 1060 1380 1381 1061
466 1081 1401 1402 1082 1061 1381 1382 1062
467 1082 1402 1403 1083 1062 1382 1383 1063
468 1083 1403 1404 1084 1063 1383 1384 1064
469 1084 1404 1405 1085 1064 1384 1385 1065
470 1085 1405 1406 1086 1065 1385 1386 1066
471 1086 1406 1407 1087 1066 1386 1387 1067
472 1087 1407 1408 1088 1067 1387 1388 1068
473 1088 1408 1409 1089 1068 1388 1389 1069
474 1089 1409 1410 1090 1069 1389 1390 1070
475 1090 1410 1411 1091 1070 1390 1391 1071
476 1091 1411 1412 1092 1071 1391 1392 1072
477 1092 1412 1413 1093 1072 1392 1393 1073
478 1093 1413 1414 1094 1073 1393 1394 1074
479 1094 1414 1415 1095 1074 1394 1395 1075
480 1095 1415 1416 1096 1075 1395 1396 1076
481 1096 1416 1417 1097 1076 1396 1397 1077
482 1097 1417 1418 1098 1077 1397 1398 1078
483 1098 1418 207 186 1078 1398 208 185
484 190 235 1419 1099 191 234 1399 1079
485 1099 1419 1420 1100 1079 1399 1400 1080
486 1100 1420 1421 1101 1080 1400 1401 1081
487 1101 1421 1422 1102 1081 1401 1402 1082
488 1102 1422 1423 1103 1082 1402 1403 1083
489 1103 1423 1424 1104 1083 1403 1404 1084
490 1104 1424 1425 1105 1084 1404 1405 1085
491 1105 1425 1426 1106 1085 1405 1406 1086
492 1106 1426 1427 1107 1086 1406 1407 1087
493 1107 1427 1428 1108 1087 1407 1408 1088
494 1108 1428 1429 1109 1088 1408 1409 1089
495 1109 1429 1430 1110 1089 1409 1410 1090
496 1110 1430 1431 1111 1090 1410 1411 1091
497 1111 1431 1432 1112 1091 1411 1412 1092
498 1112 1432 1433 1113 1092 1412 1413 1093
499 1113 1433 1434 1114 1093 1413 1414 1094
500 1114 1434 1435 1115 1094 1414 1415 1095
501 1115 1435 1436 1116 1095 1415 1416 1096
502 1116 1436 1437 1117 1096 1416 1417 1097
503 1117 1437 1438 1118 1097 1417 1418 1098
504 1118 1438 206 187 1098 1418 207 186
505 189 236 1439 1119 190 235 1419 1099
506 1119 1439 1440 1120 1099 1419 1420 1100
507 1120 1440 1441 1121 1100 1420 1421 1101
508 1121 1441 1442 1122 1101 1421 1422 1102
509 1122 1442 1443 1123 1102 1422 1423 1103
510 1123 1443 1444 1124 1103 1423 1424 1104
511 1124 1444 1445 1125 1104 1424 1425 1105
512 1125 1445 1446 1126 1105 1425 1426 1106
513 1126 1446 1447 1127 1106 1426 1427 1107
514 1127 1447 1448 1128 1107 1427 1428 1108
515 1128 1448 1449 1129 1108 1428 1429 1109
516 1129 1449 1450 1130 1109 1429 1430 1110
517 1130 1450 1451 1131 1110 1430 1431 1111
518 1131 1451 1452 1132 1111 1431 1432 1112
519 1132 1452 1453 1133 1112 1432 1433 1113
520 1133 1453 1454 1134 1113 1433 1434 1114
521 1134 1454 1455 1135 1114 1434 1435 1115
522 1135 1455 1456 1136 1115 1435 1436 1116
523 1136 1456 1457 1137 1116 1436 1437 1117
524 1137 1457 1458 1138 1117 1437 1438 1118
525 1138 1458 205 188 1118 1438 206 187
526 5 2 40 77 189 236 1439 1119
527 77 40 39 78 1119 1439 1440 1120
528 78 39 38 79 1120 1440 1441 1121
529 79 38 37 80 1121 1441 1442 1122
530 80 37 36 81 1122 1442 1443 1123
531 81 36 35 82 1123 1443 1444 1124
532 82 35 34 83 1124 1444 1445 1125
533 83 34 33 84 1125 1445 1446 1126
534 84 33 32 85 1126 1446 1447 1127
535 85 32 31 86 1127 1447 1448 1128
536 86 31 30 87 1128 1448 1449 1129
537 87 30 29 88 1129 1449 1450 1130
538 88 29 28 89 1130 1450 1451 1131
539 89 28 27 90 1131 1451 1452 1132
540 90 27 26 91 1132 1452 1453 1133
541 91 26 25 92 1133 1453 1454 1134
542 92 25 24 93 1134 1454 1455 1135
543 93 24 23 94 1135 1455 1456 1136
544 94 23 22 95 1136 1456 1457 1137
545 95 22 21 96 1137 1457 1458 1138
546 96 21 1 8 1138 1458 205 188
547 10 221 1587 293 9 204 1459 268
548 221 222 1588 1587 204 203 1460 1459
549 222 223 1589 1588 203 202 1461 1460
550 223 224 1590 1589 202 201 1462 1461
551 224 225 1591 1590 201 200 1463 1462
552 225 226 1592 1591 200 199 1464 1463
553 226 227 1593 1592 199 198 1465 1464
554 227 228 1594 1593 198 197 1466 1465
555 228 229 1595 1594 197 196 1467 1466
556 229 230 1596 1595 196 195 1468 1467
557 230 231 1597 1596 195 194 1469 1468
558 231 232 1598 1597 194 193 1470 1469
559 232 233 1599 1598 193 192 1471 1470
560 233 234 1600 1599 192 191 1472 1471
561 234 235 1601 1600 191 190 1473 1472
562 235 236 1602 1601 190 189 1474 1473
563 236 2 276 1602 189 5 237 1474
564 293 1587 1603 294 268 1459 1475 267
565 1587 1588 1604 1603 1459 1460 1476 1475
566 1588 1589 1605 1604 1460 1461 1477 1476
567 1589 1590 1606 1605 1461 1462 1478 1477
568 1590 1591 1607 1606 1462 1463 1479 1478
569 1591 1592 1608 1607 1463 1464 1480 1479
570 1592 1593 1609 1608 1464 1465 1481 1480
571 1593 1594 1610 1609 1465 1466 1482 1481
572 1594 1595 1611 1610 1466 1467 1483 1482
573 1595 1596 1612 1611 1467 1468 1484 1483
574 1596 1597 1613 1612 1468 1469 1485 1484
575 1597 1598 1614 1613 1469 1470 1486 1485
576 1598 1599 1615 1614 1470 1471 1487 1486
577 1599 1600 1616 1615 1471 1472 1488 1487
578 1600 1601 1617 1616 1472 1473 1489 1488
579 1601 1602 1618 1617 1473 1474 1490 1489
580 1602 276 275 1618 1474 237 238 1490
581 294 1603 1619 295 267 1475 1491 266
582 1603 1604 1620 1619 1475 1476 1492 1491
583 1604 1605 1621 1620 1476 1477 1493 1492
584 1605 1606 1622 1621 1477 1478 1494 1493
585 1606 1607 1623 1622 1478 1479 1495 1494
586 1607 1608 1624 1623 1479 1480 1496 1495
587 1608 1609 1625 1624 1480 1481 1497 1496
588 1609 1610 1626 1625 1481 1482 1498 1497
589 1610 1611 1627 1626 1482 1483 1499 1498
590 1611 1612 1628 1627 1483 1484 1500 1499
591 1612 1613 1629 1628 1484 1485 1501 1500
592 1613 1614 1630 1629 1485 1486 1502 1501
593 1614 1615 1631 1630 1486 1487 1503 1502
594 1615 1616 1632 1631 1487 1488 1504 1503
595 1616 1617 1633 1632 1488 1489 1505 1504
596 1617 1618 1634 1633 1489 1490 1506 1505
597 1618 275 274 1634 1490 238 239 1506
598 295 1619 1635 296 266 1491 1507 265
599 1619 1620 1636 1635 1491 1492 1508 1507
600 1620 1621 1637 1636 1492 1493 1509 1508
601 1621 1622 1638 1637 1493 1494 1510 1509
602 1622 1623 1639 1638 1494 1495 1511 1510
603 1623 1624 1640 1639 1495 1496 1512 1511
604 1624 1625 1641 1640 1496 1497 1513 1512
605 1625 1626 1642 1641 1497 1498 1514 1513
606 1626 1627 1643 1642 1498 1499 1515 1514
607 1627 1628 1644 1643 1499 1500 1516 1515
608 1628 1629 1645 1644 1500 1501 1517 1516
609 1629 1630 1646 1645 1501 1502 1518 1517
610 1630 1631 1647 1646 1502 1503 1519 1518
611 1631 1632 1648 1647 1503 1504 1520 1519
612 1632 1633 1649 1648 1504 1505 1521 1520
613 1633 1634 1650 1649 1505 1506 1522 1521
614 1634 274 273 1650 1506 239 240 1522
615 296 1635 1651 297 265 1507 1523 264
616 1635 1636 1652 1651 1507 1508 1524 1523
617 1636 1637 1653 1652 1508 1509 1525 1524
618 1637 1638 1654 1653 1509 1510 1526 1525
619 1638 1639 1655 1654 1510 1511 1527 1526
620 1639 1640 1656 1655 1511 1512 1528 1527
621 1640 1641 1657 1656 1512 1513 1529 1528
622 1641 1642 1658 1657 1513 1514 1530 1529
623 1642 1643 1659 1658 1514 1515 1531 1530
624 1643 1644 1660 1659 1515 1516 1532 1531
625 1644 1645 1661 1660 1516 1517 1533 1532
626 1645 1646 1662 1661 1517 1518 1534 1533
627 1646 1647 1663 1662 1518 1519 1535 1534
628 1647 1648 1664 1663 1519 1520 1536 1535
629 1648 1649 1665 1664 1520 1521 1537 1536
630 1649 1650 1666 1665 1521 1522 1538 1537
631 1650 273 272 1666 1522 240 241 1538
632 297 1651 1667 298 264 1523 1539 263
633 1651 1652 1668 1667 1523 1524 1540 1539
634 1652 1653 1669 1668 1524 1525 1541 1540
635 1653 1654 1670 1669 1525 1526 1542 1541
636 1654 1655 1671 1670 1526 1527 1543 1542
637 1655 1656 1672 1671 1527 1528 1544 1543
638 1656 1657 1673 1672 1528 1529 1545 1544
639 1657 1658 1674 1673 1529 1530 1546 1545
640 1658 1659 1675 1674 1530 1531 1547 1546
641 1659 1660 1676 1675 1531 1532 1548 1547
642 1660 1661 1677 1676 1532 1533 1549 1548
643 1661 1662 1678 1677 1533 1534 1550 1549
644 1662 1663 1679 1678 1534 1535 1551 1550
645 1663 1664 1680 1679 1535 1536 1552 1551
646 1664 1665 1681 1680 1536 1537 1553 1552
647 1665 1666 1682 1681 1537 1538 1554 1553
648 1666 272 271 1682 1538 241 242 1554
649 298 1667 1683 299 263 1539 1555 262
650 1667 1668 1684 1683 1539 1540 1556 1555
651 1668 1669 1685 1684 1540 1541 1557 1556
652 1669 1670 1686 1685 1541 1542 1558 1557
653 1670 1671 1687 1686 1542 1543 1559 1558
654 1671 1672 1688 1687 1543 1544 1560 1559
655 1672 1673 1689 1688 1544 1545 1561 1560
656 1673 1674 1690 1689 1545 1546 1562 1561
657 1674 1675 1691 1690 1546 1547 1563 1562
658 1675 1676 1692 1691 1547 1548 1564 1563
659 1676 1677 1693 1692 1548 1549 1565 1564
660 1677 1678 1694 1693 1549 1550 1566 1565
661 1678 1679 1695 1694 1550 1551 1567 1566
662 1679 1680 1696 1695 1551 1552 1568 1567
663 1680 1681 1697 1696 1552 1553 1569 1568
664 1681 1682 1698 1697 1553 1554 1570 1569
665 1682 271 270 1698 1554 242 243 1570
666 299 1683 1699 300 262 1555 1571 261
667 1683 1684 1700 1699 1555 1556 1572 1571
668 1684 1685 1701 1700 1556 1557 1573 1572
669 1685 1686 1702 1701 1557 1558 1574 1573
670 1686 1687 1703 1702 1558 1559 1575 1574
671 1687 1688 1704 1703 1559 1560 1576 1575
672 1688 1689 1705 1704 1560 1561 1577 1576
673 1689 1690 1706 1705 1561 1562 1578 1577
674 1690 1691 1707 1706 1562 1563 1579 1578
675 1691 1692 1708 1707 1563 1564 1580 1579
676 1692 1693 1709 1708 1564 1565 1581 1580
677 1693 1694 1710 1709 1565 1566 1582 1581
678 1694 1695 1711 1710 1566 1567 1583 1582
679 1695 1696 1712 1711 1567 1568 1584 1583
680 1696 1697 1713 1712 1568 1569 1585 1584
681 1697 1698 1714 1713 1569 1570 1586 1585
682 1698 270 269 1714 1570 243 244 1586
683 300 1699 277 16 261 1571 260 14
684 1699 1700 278 277 1571 1572 259 260
685 1700 1701 279 278 1572 1573 258 259
686 1701 1702 280 279 1573 1574 257 258
687 1702 1703 281 280 1574 1575 256 257
688 1703 1704 282 281 1575 1576 255 256
689 1704 1705 283 282 1576 1577 254 255
690 1705 1706 284 283 1577 1578 253 254
691 1706 1707 285 284 1578 1579 252 253
692 1707 1708 286 285 1579 1580 251 252
693 1708 1709 287 286 1580 1581 250 251
694 1709 1710 288 287 1581 1582 249 250
695 1710 1711 289 288 1582 1583 248 249
696 1711 1712 290 289 1583 1584 247 248
697 1712 1713 291 290 1584 1585 246 247
698 1713 1714 292 291 1585 1586 245 246
699 1714 269 15 292 1586 244 13 245
700 1758 324 323 1736 2499 475 476 2477
701 324 1758 1735 325 475 2499 2476 474
702 2001 2003 1944 1939 2742 2744 2685 2680
703 2341 2368 103 104 3082 3109 42 41
704 1798 357 356 1721 2539 442 443 2462
705 301 2383 1752 302 498 3124 2493 497
706 1925 1744 1745 1821 2666 2485 2486 2562
707 1740 1741 1742 2389 2481 2482 2483 3130
708 320 1760 1759 321 479 2501 2500 478
709 1825 1841 1735 1758 2566 2582 2476 2499
710 1858 1776 1777 1859 2599 2517 2518 2600
711 2257 2277 2255 2236 2998 3018 2996 2977
712 2368 2367 2366 2347 3109 3108 3107 3088
713 1801 1874 1870 1802 2542 2615 2611 2543
714 1878 1870 1874 1936 2619 2611 2615 2677
715 1892 1871 1722 1797 2633 2612 2463 2538
716 1812 1811 1727 1719 2553 2552 2468 2460
717 331 1754 1753 332 468 2495 2494 467
718 1754 331 330 1755 2495 468 469 2496
719 1725 346 345 1729 2466 453 454 2470
720 1733 329 328 1734 2474 470 471 2475
721 1810 1817 1725 1729 2551 2558 2466 2470
722 327 1756 1734 328 472 2497 2475 471
723 1717 350 349 1731 2458 449 450 2472
724 321 1759 1732 322 478 2500 2473 477
725 1760 320 319 1737 2501 479 480 2478
726 318 1738 1737 319 481 2479 2478 480
727 317 1761 1738 318 482 2502 2479 481
728 1762 316 315 1739 2503 483 484 2480
729 1739 315 314 1740 2480 484 485 2481
730 314 313 1741 1740 485 486 2482 2481
731 1741 313 312 1742 2482 486 487 2483
732 310 1744 1743 311 489 2485 2484 488
733 309 1745 1744 310 490 2486 2485 489
734 308 1746 1745 309 491 2487 2486 490
735 307 1747 1746 308 492 2488 2487 491
736 1747 307 306 1748 2488 492 493 2489
737 1748 306 305 1749 2489 493 494 2490
738 1749 305 304 1750 2490 494 495 2491
739 1750 304 303 1751 2491 495 496 2492
740 1751 303 302 1752 2492 496 497 2493
741 364 1805 365 18 435 2546 434 19
742 1805 2385 1873 365 2546 3126 2614 434
743 1872 1875 1800 1806 2613 2616 2541 2547
744 1845 1924 1923 1846 2586 2665 2664 2587
745 2385 363 362 1804 3126 436 437 2545
746 1800 361 360 1806 2541 438 439 2547
747 357 1798 1730 358 442 2539 2471 441
748 355 1726 1721 356 444 2467 2462 443
749 1720 354 353 1728 2461 445 446 2469
750 1726 355 354 1720 2467 444 445 2461
751 1728 353 352 1796 2469 446 447 2537
752 1796 352 351 1715 2537 447 448 2456
753 1715 351 350 1717 2456 448 449 2458
754 1731 349 348 1718 2472 450 451 2459
755 346 1725 1716 347 453 2466 2457 452
756 1719 343 342 1722 2460 456 457 2463
757 341 1797 1722 342 458 2538 2463 457
758 339 1724 1723 340 460 2465 2464 459
759 1724 339 338 1802 2465 460 461 2543
760 337 336 1803 1801 462 463 2544 2542
761 335 2384 1803 336 464 3125 2544 463
762 399 1763 244 13 400 2504 269 15
763 398 1764 1763 399 401 2505 2504 400
764 1869 1852 2399 1987 2610 2593 3140 2728
765 395 1766 1765 396 404 2507 2506 403
766 396 1765 1869 397 403 2506 2610 402
767 1767 1766 395 394 2508 2507 404 405
768 394 393 1768 1767 405 406 2509 2508
769 393 392 1769 1768 406 407 2510 2509
770 1770 1769 392 391 2511 2510 407 408
771 1771 1770 391 390 2512 2511 408 409
772 1772 1771 390 389 2513 2512 409 410
773 1773 1772 389 388 2514 2513 410 411
774 1774 1773 388 387 2515 2514 411 412
775 387 386 1775 1774 412 413 2516 2515
776 386 385 1776 1775 413 414 2517 2516
777 385 384 1777 1776 414 415 2518 2517
778 384 383 1778 1777 415 416 2519 2518
779 383 382 1779 1778 416 417 2520 2519
780 382 381 1780 1779 417 418 2521 2520
781 381 380 1781 1780 418 419 2522 2521
782 380 379 1782 1781 419 420 2523 2522
783 379 378 1783 1782 420 421 2524 2523
784 1785 1784 377 376 2526 2525 422 423
785 1862 1782 1783 1855 2603 2523 2524 2596
786 1786 1785 376 375 2527 2526 423 424
787 1787 1786 375 374 2528 2527 424 425
788 1819 1814 1717 1731 2560 2555 2458 2472
789 373 372 1789 1788 426 427 2530 2529
790 1864 1787 1788 1848 2605 2528 2529 2589
791 1792 1791 370 369 2533 2532 429 430
792 1794 1793 368 367 2535 2534 431 432
793 367 366 1795 1794 432 433 2536 2535
794 2341 104 5 237 3082 41 2 276
795 238 239 2344 2345 275 274 3085 3086
796 2277 2310 2305 2289 3018 3051 3046 3030
797 1836 1905 1898 1823 2577 2646 2639 2564
798 1774 1775 1776 2396 2515 2516 2517 3137
799 1851 2394 1934 1930 2592 3135 2675 2671
800 1765 1766 1852 1869 2506 2507 2593 2610
801 1727 344 343 1719 2468 455 456 2460
802 2080 2028 2030 2081 2821 2769 2771 2822
803 1757 326 325 1735 2498 473 474 2476
804 1718 348 347 1716 2459 451 452 2457
805 1780 1853 1860 1779 2521 2594 2601 2520
806 1807 1819 1731 1718 2548 2560 2472 2459
807 1755 330 329 1733 2496 469 470 2474
808 1729 345 344 1727 2470 454 455 2468
809 1863 1784 1785 1847 2604 2525 2526 2588
810 1799 359 358 1730 2540 440 441 2471
811 372 371 1790 1789 427 428 2531 2530
812 2384 334 333 1820 3125 465 466 2561
813 1797 341 340 1723 2538 458 459 2464
814 1841 1827 1757 1735 2582 2568 2498 2476
815 374 373 1788 1787 425 426 2529 2528
816 1755 1733 1826 1834 2496 2474 2567 2575
817 1854 1916 1917 1847 2595 2657 2658 2588
818 1813 1817 1887 1885 2554 2558 2628 2626
819 1758 1736 1823 1825 2499 2477 2564 2566
820 1806 360 359 1799 2547 439 440 2540
821 1793 1792 369 368 2534 2533 430 431
822 1814 1808 1715 1717 2555 2549 2456 2458
823 1742 1829 1929 2389 2483 2570 2670 3130
824 1736 323 322 1732 2477 476 477 2473
825 1729 1727 1811 1810 2470 2468 2552 2551
826 1756 327 326 1757 2497 472 473 2498
827 1718 1716 1813 1807 2459 2457 2554 2548
828 1732 1759 1842 1836 2473 2500 2583 2577
829 316 1762 1761 317 483 2503 2502 482
830 1994 2391 1831 2390 2735 3132 2572 3131
831 1740 2389 1822 1739 2481 3130 2563 2480
832 311 1743 1742 312 488 2484 2483 487
833 1743 1744 1925 2392 2484 2485 2666 3133
834 2050 1925 1821 1928 2791 2666 2562 2669
835 1928 1821 1745 1746 2669 2562 2486 2487
836 1928 1746 1747 1830 2669 2487 2488 2571
837 1749 2391 1926 1748 2490 3132 2667 2489
838 2391 1749 1750 1831 3132 2490 2491 2572
839 1751 1752 1832 2390 2492 2493 2573 3131
840 1752 2383 1833 1832 2493 3124 2574 2573
841 2333 1833 2383 97 3074 2574 3124 48
842 1820 333 332 1753 2561 466 467 2494
843 1724 1878 1816 1723 2465 2619 2557 2464
844 1948 1949 1883 1884 2689 2690 2624 2625
845 1807 1813 1885 1884 2548 2554 2626 2625
846 1716 1725 1817 1813 2457 2466 2558 2554
847 1814 1819 1883 1882 2555 2560 2624 2623
848 1901 1827 1841 1903 2642 2568 2582 2644
849 1828 1837 1760 1737 2569 2578 2501 2478
850 1837 1842 1759 1760 2578 2583 2500 2501
851 1838 1828 1737 1738 2579 2569 2478 2479
852 1738 1761 1843 1838 2479 2502 2584 2579
853 398 397 1869 1764 401 402 2610 2505
854 1987 1763 1764 1869 2728 2504 2505 2610
855 2401 1931 2393 1856 3142 2672 3134 2597
856 2399 1931 2401 2049 3140 2672 3142 2790
857 1856 2393 1767 1768 2597 3134 2508 2509
858 2394 1857 1992 1934 3135 2598 2733 2675
859 1769 1770 2394 1851 2510 2511 3135 2592
860 1770 1771 1857 2394 2511 2512 2598 3135
861 1776 1858 1933 2396 2517 2599 2674 3137
862 1774 2396 1850 1773 2515 3137 2591 2514
863 2031 2021 2134 2072 2772 2762 2875 2813
864 1779 1860 1844 1778 2520 2601 2585 2519
865 1808 1879 1796 1715 2549 2620 2537 2456
866 1971 1964 1905 1907 2712 2705 2646 2648
867 1784 1783 378 377 2525 2524 421 422
868 1958 1939 1877 1879 2699 2680 2618 2620
869 1919 1855 1863 1918 2660 2596 2604 2659
870 1879 1877 1728 1796 2620 2618 2469 2537
871 1818 1815 1721 1726 2559 2556 2462 2467
872 1786 1854 1847 1785 2527 2595 2588 2526
873 1815 1890 1798 1721 2556 2631 2539 2462
874 1854 1786 1787 1864 2595 2527 2528 2605
875 1791 1790 371 370 2532 2531 428 429
876 1790 1849 1865 1789 2531 2590 2606 2530
877 1791 1866 1849 1790 2532 2607 2590 2531
878 1795 1845 1846 1794 2536 2586 2587 2535
879 1943 1804 1800 1875 2684 2545 2541 2616
880 361 1800 1804 362 438 2541 2545 437
881 1805 364 363 2385 2546 435 436 3126
882 1873 1795 366 365 2614 2536 433 434
883 1877 1809 1720 1728 2618 2550 2461 2469
884 2003 2054 2061 2007 2744 2795 2802 2748
885 1802 338 337 1801 2543 461 462 2542
886 1878 1724 1802 1870 2619 2465 2543 2611
887 1845 1795 1873 1943 2586 2536 2614 2684
888 334 2384 335 17 465 3125 464 20
889 1836 1823 1736 1732 2577 2564 2477 2473
890 1976 1979 1916 1915 2717 2720 2657 2656
891 1809 1818 1726 1720 2550 2559 2467 2461
892 1891 1959 1890 1815 2632 2700 2631 2556
893 1871 1892 1946 1938 2612 2633 2687 2679
894 1871 1812 1719 1722 2612 2553 2460 2463
895 1817 1810 1888 1887 2558 2551 2629 2628
896 1902 1840 1827 1901 2643 2581 2568 2642
897 1907 1842 1837 1906 2648 2583 2578 2647
898 1880 1876 1799 1730 2621 2617 2540 2471
899 1824 1893 1820 1753 2565 2634 2561 2494
900 1816 1892 1797 1723 2557 2633 2538 2464
901 1840 1835 1734 1756 2581 2576 2475 2497
902 1848 1788 1789 1865 2589 2529 2530 2606
903 1808 1814 1882 1881 2549 2555 2623 2622
904 2048 1994 1833 2333 2789 2735 2574 3074
905 1822 2397 1927 2388 2563 3138 2668 3129
906 1822 2388 1762 1739 2563 3129 2503 2480
907 1753 1754 1839 1824 2494 2495 2580 2565
908 1827 1840 1756 1757 2568 2581 2497 2498
909 1733 1734 1835 1826 2474 2475 2576 2567
910 2066 2053 2018 1951 2807 2794 2759 2692
911 1838 1843 2402 1896 2579 2584 3143 2637
912 1896 1904 1828 1838 2637 2645 2569 2579
913 2048 1926 2391 1994 2789 2667 3132 2735
914 1926 1830 1747 1748 2667 2571 2488 2489
915 1832 1833 1994 2390 2573 2574 2735 3131
916 1831 1750 1751 2390 2572 2491 2492 3131
917 301 6 97 2383 498 3 48 3124
918 1834 1839 1754 1755 2575 2580 2495 2496
919 1900 1898 1963 1966 2641 2639 2704 2707
920 1919 1918 1977 1974 2660 2659 2718 2715
921 1903 1841 1825 1900 2644 2582 2566 2641
922 1981 1971 1907 1906 2722 2712 2648 2647
923 2013 1950 1816 1941 2754 2691 2557 2682
924 1894 1895 1961 1965 2635 2636 2702 2706
925 1884 1883 1819 1807 2625 2624 2560 2548
926 1865 1911 1914 1848 2606 2652 2655 2589
927 2402 1843 2388 1927 3143 2584 3129 2668
928 2388 1843 1761 1762 3129 2584 2502 2503
929 1859 1777 1778 1844 2600 2518 2519 2585
930 1868 1793 1794 1846 2609 2534 2535 2587
931 1867 1792 1793 1868 2608 2533 2534 2609
932 1881 1958 1879 1808 2622 2699 2620 2549
933 1855 1783 1784 1863 2596 2524 2525 2604
934 1886 1891 1815 1818 2627 2632 2556 2559
935 1868 1908 1909 1867 2609 2649 2650 2608
936 1792 1867 1866 1791 2533 2608 2607 2532
937 1850 2395 1772 1773 2591 3136 2513 2514
938 1850 2400 1932 2395 2591 3141 2673 3136
939 1851 1856 1768 1769 2592 2597 2509 2510
940 2044 2093 2046 1997 2785 2834 2787 2738
941 2393 1852 1766 1767 3134 2593 2507 2508
942 1992 1932 2046 2405 2733 2673 2787 3146
943 1781 1861 1853 1780 2522 2602 2594 2521
944 1860 2404 1990 1844 2601 3145 2731 2585
945 1918 1863 1847 1917 2659 2604 2588 2658
946 1861 1781 1782 1862 2602 2522 2523 2603
947 1771 1772 2395 1857 2512 2513 3136 2598
948 2404 2132 2095 1990 3145 2873 2836 2731
949 1989 1858 1859 1910 2730 2599 2600 2651
950 1910 1859 1844 1990 2651 2600 2585 2731
951 1818 1809 1944 1886 2559 2550 2685 2627
952 1915 1864 1848 1914 2656 2605 2589 2655
953 1849 1912 1911 1865 2590 2653 2652 2606
954 1908 1923 1986 1985 2649 2664 2727 2726
955 1985 1975 1909 1908 2726 2716 2650 2649
956 2387 1936 1874 1945 3128 2677 2615 2686
957 1810 1811 1889 1888 2551 2552 2630 2629
958 1872 1806 1799 1876 2613 2547 2540 2617
959 1943 1873 2385 1804 2684 2614 3126 2545
960 1937 1942 1943 1875 2678 2683 2684 2616
961 1803 2384 1820 1945 2544 3125 2561 2686
962 1801 1803 1945 1874 2542 2544 2686 2615
963 1943 1942 1924 1845 2684 2683 2665 2586
964 1846 1923 1908 1868 2587 2664 2649 2609
965 1890 1880 1730 1798 2631 2621 2471 2539
966 1939 1944 1809 1877 2680 2685 2550 2618
967 1893 1824 1960 2000 2634 2565 2701 2741
968 1950 1946 1892 1816 2691 2687 2633 2557
969 1842 1907 1905 1836 2583 2648 2646 2577
970 1835 1899 1897 1826 2576 2640 2638 2567
971 1968 1969 1901 1903 2709 2710 2642 2644
972 1826 1897 1895 1834 2567 2638 2636 2575
973 1894 1839 1834 1895 2635 2580 2575 2636
974 1973 1913 1909 1975 2714 2654 2650 2716
975 2011 1947 2009 2068 2752 2688 2750 2809
976 1947 1953 1887 1888 2688 2694 2628 2629
977 1940 1889 1811 1812 2681 2630 2552 2553
978 1876 1880 1956 1935 2617 2621 2697 2676
979 1935 1957 1872 1876 2676 2698 2613 2617
980 1938 1940 1812 1871 2679 2681 2553 2612
981 1894 1960 1824 1839 2635 2701 2565 2580
982 2009 1947 1888 1889 2750 2688 2629 2630
983 1906 1837 1828 1904 2647 2578 2569 2645
984 1988 2418 2091 1995 2729 3159 2832 2736
985 2019 2414 1965 2071 2760 3155 2706 2812
986 1900 1825 1823 1898 2641 2566 2564 2639
987 2016 1955 1949 2012 2757 2696 2690 2753
988 1840 1902 1899 1835 2581 2643 2640 2576
989 2024 1967 1970 2028 2765 2708 2711 2769
990 2014 1952 1953 2015 2755 2693 2694 2756
991 1967 1962 1897 1899 2708 2703 2638 2640
992 1953 1952 1885 1887 2694 2693 2626 2628
993 1964 1963 1898 1905 2705 2704 2639 2646
994 1966 1968 1903 1900 2707 2709 2644 2641
995 1864 1915 1916 1854 2605 2656 2657 2595
996 1913 1866 1867 1909 2654 2607 2608 2650
997 1912 1849 1866 1913 2653 2590 2607 2654
998 2018 2002 1956 1959 2759 2743 2697 2700
999 2090 2132 2404 1922 2831 2873 3145 2663
1000 2003 2007 1886 1944 2744 2748 2627 2685
1001 2030 1969 1968 2029 2771 2710 2709 2770
1002 1920 1862 1855 1919 2661 2603 2596 2660
1003 1982 2023 2033 1977 2723 2764 2774 2718
1004 1921 1861 1862 1920 2662 2602 2603 2661
1005 1980 1920 1919 1974 2721 2661 2660 2715
1006 1920 1980 1972 1921 2661 2721 2713 2662
1007 1922 1853 1861 1921 2663 2594 2602 2662
1008 2137 2097 2042 2091 2878 2838 2783 2832
1009 2404 1860 1853 1922 3145 2601 2594 2663
1010 2078 2123 2118 2073 2819 2864 2859 2814
1011 2090 1922 1921 1972 2831 2663 2662 2713
1012 1977 2033 2035 1974 2718 2774 2776 2715
1013 1875 1872 1957 1937 2616 2613 2698 2678
1014 1830 1926 1993 1928 2571 2667 2734 2669
1015 2406 1993 1926 2048 3147 2734 2667 2789
1016 2412 1981 1906 1904 3153 2722 2647 2645
1017 1927 2411 1988 2402 2668 3152 2729 3143
1018 2094 1991 2397 1929 2835 2732 3138 2670
1019 1930 2401 1856 1851 2671 3142 2597 2592
1020 2400 1997 2046 1932 3141 2738 2787 2673
1021 2386 244 1763 1987 3127 269 2504 2728
1022 2395 1932 1992 1857 3136 2673 2733 2598
1023 1989 2410 1933 1858 2730 3151 2674 2599
1024 2396 1933 2400 1850 3137 2674 3141 2591
1025 2047 1996 2401 1930 2788 2737 3142 2671
1026 1998 2405 2096 2047 2739 3146 2837 2788
1027 1959 1956 1880 1890 2700 2697 2621 2631
1028 1816 1878 1936 1941 2557 2619 2677 2682
1029 1999 2009 1889 1940 2740 2750 2630 2681
1030 1946 1950 2065 2005 2687 2691 2806 2746
1031 2007 1951 1891 1886 2748 2692 2632 2627
1032 1893 2387 1945 1820 2634 3128 2686 2561
1033 1950 2013 2130 2065 2691 2754 2871 2806
1034 1938 1946 2005 2008 2679 2687 2746 2749
1035 1884 1885 1952 1948 2625 2626 2693 2689
1036 1949 1955 1882 1883 2690 2696 2623 2624
1037 1955 1954 1881 1882 2696 2695 2622 2623
1038 1939 1958 2017 2001 2680 2699 2758 2742
1039 1982 1977 1918 1917 2723 2718 2659 2658
1040 2036 1973 1975 2032 2777 2714 2716 2773
1041 1915 1914 1978 1976 2656 2655 2719 2717
1042 2010 1948 1952 2014 2751 2689 2693 2755
1043 1985 2040 2032 1975 2726 2781 2773 2716
1044 1937 1957 2004 1942 2678 2698 2745 2683
1045 2403 2387 1893 2000 3144 3128 2634 2741
1046 1895 1897 1962 1961 2636 2638 2703 2702
1047 1970 1967 1899 1902 2711 2708 2640 2643
1048 2029 1968 1966 2031 2770 2709 2707 2772
1049 2000 1960 1894 2408 2741 2701 2635 3149
1050 1940 1938 2008 1999 2681 2679 2749 2740
1051 2012 1949 1948 2010 2753 2690 2689 2751
1052 1964 2020 2021 1963 2705 2761 2762 2704
1053 1902 1901 1969 1970 2643 2642 2710 2711
1054 2022 1962 1967 2024 2763 2703 2708 2765
1055 2010 2014 2067 2062 2751 2755 2808 2803
1056 2020 1964 1971 2027 2761 2705 2712 2768
1057 1896 1995 2412 1904 2637 2736 3153 2645
1058 2089 2131 2090 2422 2830 2872 2831 3163
1059 1971 1981 2097 2027 2712 2722 2838 2768
1060 1913 1973 1983 1912 2654 2714 2724 2653
1061 1984 1978 1914 1911 2725 2719 2655 2652
1062 2031 2084 2082 2029 2772 2825 2823 2770
1063 2041 2088 2087 2040 2782 2829 2828 2781
1064 1976 2037 2025 1979 2717 2778 2766 2720
1065 1917 1916 1979 1982 2658 2657 2720 2723
1066 2139 2089 2422 2035 2880 2830 3163 2776
1067 2402 1988 1995 1896 3143 2729 2736 2637
1068 2031 1966 1963 2021 2772 2707 2704 2762
1069 1911 1912 1983 1984 2652 2653 2724 2725
1070 1979 2025 2023 1982 2720 2766 2764 2723
1071 1957 1935 2006 2004 2698 2676 2747 2745
1072 2063 1986 1923 1924 2804 2727 2664 2665
1073 2334 2049 2401 1996 3075 2790 3142 2737
1074 2417 2043 2421 2045 3158 2784 3162 2786
1075 2397 1991 2411 1927 3138 2732 3152 2668
1076 1933 2410 1997 2400 2674 3151 2738 3141
1077 2257 2276 2325 2290 2998 3017 3066 3031
1078 2095 1989 1910 1990 2836 2730 2651 2731
1079 2421 2043 2176 2092 3162 2784 2917 2833
1080 2047 1930 1934 1998 2788 2671 2675 2739
1081 2331 2329 2305 2310 3072 3070 3046 3051
1082 2348 2371 2048 2333 3089 3112 2789 3074
1083 2392 1925 2050 1829 3133 2666 2791 2570
1084 2340 2334 2354 2346 3081 3075 3095 3087
1085 1934 1992 2405 1998 2675 2733 3146 2739
1086 2130 2013 1941 2403 2871 2754 2682 3144
1087 1954 2017 1958 1881 2695 2758 2699 2622
1088 1951 2018 1959 1891 2692 2759 2700 2632
1089 2002 2006 1935 1956 2743 2747 2676 2697
1090 2102 2107 2066 2061 2843 2848 2807 2802
1091 2041 1986 2063 2112 2782 2727 2804 2853
1092 2413 2060 2005 2065 3154 2801 2746 2806
1093 1986 2041 2040 1985 2727 2782 2781 2726
1094 2100 2105 2059 2053 2841 2846 2800 2794
1095 2066 1951 2007 2061 2807 2692 2748 2802
1096 1962 2022 2026 1961 2703 2763 2767 2702
1097 2008 2056 2051 1999 2749 2797 2792 2740
1098 2264 2220 2212 2238 3005 2961 2953 2979
1099 2070 1954 1955 2016 2811 2695 2696 2757
1100 1954 2070 2052 2017 2695 2811 2793 2758
1101 2071 1965 1961 2026 2812 2706 2702 2767
1102 2015 1953 1947 2011 2756 2694 2688 2752
1103 2006 2057 2063 2004 2747 2798 2804 2745
1104 2054 2003 2001 2055 2795 2744 2742 2796
1105 2408 2130 2403 2000 3149 2871 3144 2741
1106 2058 2069 2016 2012 2799 2810 2757 2753
1107 2062 2058 2012 2010 2803 2799 2753 2751
1108 2077 2038 2039 2079 2818 2779 2780 2820
1109 1978 2034 2037 1976 2719 2775 2778 2717
1110 2055 2001 2017 2052 2796 2742 2758 2793
1111 2057 2006 2002 2059 2798 2747 2743 2800
1112 2005 2060 2056 2008 2746 2801 2797 2749
1113 2408 1894 1965 2414 3149 2635 2706 3155
1114 2014 2015 2064 2067 2755 2756 2805 2808
1115 2422 1980 1974 2035 3163 2721 2715 2776
1116 2155 2069 2058 2110 2896 2810 2799 2851
1117 2104 2102 2061 2054 2845 2843 2802 2795
1118 2024 2074 2075 2022 2765 2815 2816 2763
1119 2051 2056 2111 2103 2792 2797 2852 2844
1120 2091 2042 2412 1995 2832 2783 3153 2736
1121 1969 2030 2028 1970 2710 2771 2769 2711
1122 2192 2110 2106 2149 2933 2851 2847 2890
1123 2106 2062 2067 2108 2847 2803 2808 2849
1124 2074 2024 2028 2080 2815 2765 2769 2821
1125 2039 1983 1973 2036 2780 2724 2714 2777
1126 2062 2106 2110 2058 2803 2847 2851 2799
1127 2410 1989 2095 2419 3151 2730 2836 3160
1128 2045 2421 2428 2418 2786 3162 3169 3159
1129 1984 2038 2034 1978 2725 2779 2775 2719
1130 2023 2025 2073 2076 2764 2766 2814 2817
1131 2250 2269 2232 2206 2991 3010 2973 2947
1132 1983 2039 2038 1984 2724 2780 2779 2725
1133 2037 2078 2073 2025 2778 2819 2814 2766
1134 2412 2042 2097 1981 3153 2783 2838 2722
1135 2371 2364 2352 2336 3112 3105 3093 3077
1136 1988 2411 2045 2418 2729 3152 2786 3159
1137 2044 1997 2410 2419 2785 2738 3151 3160
1138 2093 2096 2405 2046 2834 2837 3146 2787
1139 2149 2148 2188 2187 2890 2889 2929 2928
1140 2332 2136 2094 2050 3073 2877 2835 2791
1141 2417 1991 2094 2043 3158 2732 2835 2784
1142 2096 2135 2327 2328 2837 2876 3068 3069
1143 2337 2369 2359 2398 3078 3110 3100 3139
1144 97 98 2348 2333 48 47 3089 3074
1145 244 2386 2340 243 269 3127 3081 270
1146 2361 2343 2346 2359 3102 3084 3087 3100
1147 2332 2050 1928 1993 3073 2791 2669 2734
1148 2068 2009 1999 2051 2809 2750 2740 2792
1149 2098 2114 2011 2068 2839 2855 2752 2809
1150 2059 2002 2018 2053 2800 2743 2759 2794
1151 2077 2121 2078 2085 2818 2862 2819 2826
1152 2085 2034 2038 2077 2826 2775 2779 2818
1153 2068 2051 2103 2098 2809 2792 2844 2839
1154 2152 2116 2112 2113 2893 2857 2853 2854
1155 2082 2126 2125 2081 2823 2867 2866 2822
1156 2052 2070 2115 2099 2793 2811 2856 2840
1157 2088 2129 2128 2087 2829 2870 2869 2828
1158 2056 2060 2153 2111 2797 2801 2894 2852
1159 2036 2086 2079 2039 2777 2827 2820 2780
1160 2156 2026 2022 2075 2897 2767 2763 2816
1161 2063 1924 1942 2004 2804 2665 2683 2745
1162 2114 2064 2015 2011 2855 2805 2756 2752
1163 2019 2413 2065 2130 2760 3154 2806 2871
1164 2040 2087 2083 2032 2781 2828 2824 2773
1165 2099 2101 2055 2052 2840 2842 2796 2793
1166 2078 2037 2034 2085 2819 2778 2775 2826
1167 2071 2190 2153 2019 2812 2931 2894 2760
1168 2431 2118 2170 2139 3172 2859 2911 2880
1169 2021 2020 2429 2134 2762 2761 3170 2875
1170 2431 2033 2023 2076 3172 2774 2764 2817
1171 2139 2035 2033 2431 2880 2776 2774 3172
1172 2142 2150 2185 2177 2883 2891 2926 2918
1173 2103 2111 2150 2142 2844 2852 2891 2883
1174 2430 2172 2027 2097 3171 2913 2768 2838
1175 2107 2102 2183 2146 2848 2843 2924 2887
1176 2431 2076 2073 2118 3172 2817 2814 2859
1177 2032 2083 2086 2036 2773 2824 2827 2777
1178 2109 2151 2148 2108 2850 2892 2889 2849
1179 2117 2074 2080 2119 2858 2815 2821 2860
1180 2029 2082 2081 2030 2770 2823 2822 2771
1181 2081 2125 2119 2080 2822 2866 2860 2821
1182 2107 2100 2053 2066 2848 2841 2794 2807
1183 2167 2084 2031 2072 2908 2825 2772 2813
1184 2115 2141 2143 2099 2856 2882 2884 2840
1185 2063 2057 2113 2112 2804 2798 2854 2853
1186 2131 2207 2235 2169 2872 2948 2976 2910
1187 2276 2209 2133 2174 3017 2950 2874 2915
1188 2093 2044 2420 2138 2834 2785 3161 2879
1189 2126 2082 2084 2127 2867 2823 2825 2868
1190 2136 2176 2043 2094 2877 2917 2784 2835
1191 2426 2092 2174 2133 3167 2833 2915 2874
1192 2234 2208 2430 2173 2975 2949 3171 2914
1193 2416 2174 2092 2176 3157 2915 2833 2917
1194 2419 2095 2420 2044 3160 2836 3161 2785
1195 2047 2096 2328 1996 2788 2837 3069 2737
1196 2343 2342 240 241 3084 3083 273 272
1197 2108 2067 2064 2109 2849 2808 2805 2850
1198 2069 2115 2070 2016 2810 2856 2811 2757
1199 2101 2104 2054 2055 2842 2845 2795 2796
1200 2144 2145 2105 2100 2885 2886 2846 2841
1201 2163 2121 2120 2158 2904 2862 2861 2899
1202 2083 2122 2124 2086 2824 2863 2865 2827
1203 2103 2142 2140 2098 2844 2883 2881 2839
1204 2086 2124 2120 2079 2827 2865 2861 2820
1205 2105 2113 2057 2059 2846 2854 2798 2800
1206 2159 2124 2122 2161 2900 2865 2863 2902
1207 2157 2197 2437 2117 2898 2938 3178 2858
1208 2069 2155 2141 2115 2810 2896 2882 2856
1209 2222 2443 2243 2223 2963 3184 2984 2964
1210 2087 2128 2122 2083 2828 2869 2863 2824
1211 2210 2185 2156 2197 2951 2926 2897 2938
1212 2109 2064 2114 2154 2850 2805 2855 2895
1213 2147 2101 2099 2143 2888 2842 2840 2884
1214 2079 2120 2121 2077 2820 2861 2862 2818
1215 2190 2150 2111 2153 2931 2891 2852 2894
1216 2019 2153 2060 2413 2760 2894 2801 3154
1217 2112 2116 2088 2041 2853 2857 2829 2782
1218 2116 2201 2129 2088 2857 2942 2870 2829
1219 2071 2026 2156 2190 2812 2767 2897 2931
1220 2117 2437 2075 2074 2858 3178 2816 2815
1221 2207 2131 2089 2171 2948 2872 2830 2912
1222 2149 2106 2108 2148 2890 2847 2849 2889
1223 2144 2146 2183 2182 2885 2887 2924 2923
1224 2163 2123 2078 2121 2904 2864 2819 2862
1225 2146 2144 2100 2107 2887 2885 2841 2848
1226 2127 2165 2164 2126 2868 2906 2905 2867
1227 2232 2170 2175 2206 2973 2911 2916 2947
1228 2162 2448 2119 2125 2903 3189 2860 2866
1229 2168 2127 2084 2167 2909 2868 2825 2908
1230 2113 2105 2145 2152 2854 2846 2886 2893
1231 2019 2130 2408 2414 2760 2871 3149 3155
1232 2090 2131 2169 2132 2831 2872 2910 2873
1233 2138 2135 2096 2093 2879 2876 2837 2834
1234 2205 2134 2429 2172 2946 2875 3170 2913
1235 1829 2050 2094 1929 2570 2791 2835 2670
1236 2210 2197 2157 2227 2951 2938 2898 2968
1237 2268 2219 2187 2188 3009 2960 2928 2929
1238 2091 2426 2133 2137 2832 3167 2874 2878
1239 2205 2167 2072 2134 2946 2908 2813 2875
1240 2095 2132 2169 2420 2836 2873 2910 3161
1241 2235 2258 2135 2138 2976 2999 2876 2879
1242 2154 2114 2098 2140 2895 2855 2839 2881
1243 2186 2104 2101 2147 2927 2845 2842 2888
1244 2178 2140 2142 2177 2919 2881 2883 2918
1245 2189 2211 2198 2166 2930 2952 2939 2907
1246 2129 2166 2160 2128 2870 2907 2901 2869
1247 2218 2186 2147 2184 2959 2927 2888 2925
1248 2186 2183 2102 2104 2927 2924 2843 2845
1249 2158 2120 2124 2159 2899 2861 2865 2900
1250 2126 2164 2162 2125 2867 2905 2903 2866
1251 2110 2192 2180 2155 2851 2933 2921 2896
1252 2216 2143 2141 2179 2957 2884 2882 2920
1253 2163 2196 2230 2203 2904 2937 2971 2944
1254 2438 2177 2185 2210 3179 2918 2926 2951
1255 2151 2109 2154 2191 2892 2850 2895 2932
1256 2152 2145 2181 2189 2893 2886 2922 2930
1257 2155 2180 2179 2141 2896 2921 2920 2882
1258 2197 2156 2075 2437 2938 2897 2816 3178
1259 2117 2119 2448 2157 2858 2860 3189 2898
1260 2170 2118 2123 2175 2911 2859 2864 2916
1261 2128 2160 2161 2122 2869 2901 2902 2863
1262 2225 2193 2433 2237 2966 2934 3174 2978
1263 2194 2196 2163 2158 2935 2937 2904 2899
1264 2194 2195 2221 2222 2935 2936 2962 2963
1265 2444 2165 2127 2168 3185 2906 2868 2909
1266 2200 2199 2162 2164 2941 2940 2903 2905
1267 2179 2180 2247 2214 2920 2921 2988 2955
1268 2171 2089 2139 2204 2912 2830 2880 2945
1269 2238 2262 2227 2224 2979 3003 2968 2965
1270 2253 2207 2171 2233 2994 2948 2912 2974
1271 2430 2208 2205 2172 3171 2949 2946 2913
1272 2298 2285 2432 2304 3039 3026 3173 3045
1273 2236 2209 2276 2257 2977 2950 3017 2998
1274 2209 2173 2137 2133 2950 2914 2878 2874
1275 2203 2175 2123 2163 2944 2916 2864 2904
1276 2336 2409 2136 2406 3077 3150 2877 3147
1277 2191 2154 2140 2178 2932 2895 2881 2919
1278 2151 2439 2188 2148 2892 3180 2929 2889
1279 2216 2184 2147 2143 2957 2925 2888 2884
1280 2145 2144 2182 2181 2886 2885 2923 2922
1281 2217 2423 2186 2218 2958 3164 2927 2959
1282 2160 2433 2193 2161 2901 3174 2934 2902
1283 2181 2182 2423 2215 2922 2923 3164 2956
1284 2185 2150 2190 2156 2926 2891 2931 2897
1285 2211 2237 2433 2198 2952 2978 3174 2939
1286 2193 2195 2159 2161 2934 2936 2900 2902
1287 2149 2187 2213 2192 2890 2928 2954 2933
1288 2439 2151 2191 2220 3180 2892 2932 2961
1289 2238 2212 2438 2262 2979 2953 3179 3003
1290 2116 2152 2189 2201 2857 2893 2930 2942
1291 2201 2189 2166 2129 2942 2930 2907 2870
1292 2247 2180 2192 2213 2988 2921 2933 2954
1293 2199 2157 2448 2162 2940 2898 3189 2903
1294 2159 2195 2194 2158 2900 2936 2935 2899
1295 2182 2183 2186 2423 2923 2924 2927 3164
1296 2184 2216 2241 2218 2925 2957 2982 2959
1297 2164 2165 2202 2200 2905 2906 2943 2941
1298 2215 2211 2189 2181 2956 2952 2930 2922
1299 2196 2194 2222 2223 2937 2935 2963 2964
1300 2264 2238 2224 2455 3005 2979 2965 3196
1301 2242 2241 2259 2260 2983 2982 3000 3001
1302 2168 2167 2205 2229 2909 2908 2946 2970
1303 2165 2444 2256 2202 2906 3185 2997 2943
1304 2139 2170 2232 2204 2880 2911 2973 2945
1305 2204 2232 2269 2252 2945 2973 3010 2993
1306 2226 2200 2202 2228 2967 2941 2943 2969
1307 2265 2228 2202 2256 3006 2969 2943 2997
1308 2454 2264 2281 2268 3195 3005 3022 3009
1309 2203 2230 2206 2175 2944 2971 2947 2916
1310 2138 2420 2169 2235 2879 3161 2910 2976
1311 2171 2204 2252 2233 2912 2945 2993 2974
1312 2097 2137 2173 2430 2838 2878 2914 3171
1313 2220 2191 2178 2212 2961 2932 2919 2953
1314 2221 2442 2443 2222 2962 3183 3184 2963
1315 2195 2193 2225 2221 2936 2934 2966 2962
1316 2211 2215 2240 2237 2952 2956 2981 2978
1317 2239 2216 2179 2214 2980 2957 2920 2955
1318 2217 2218 2241 2242 2958 2959 2982 2983
1319 2246 2199 2200 2226 2987 2940 2941 2967
1320 2219 2245 2213 2187 2960 2986 2954 2928
1321 2196 2223 2249 2230 2937 2964 2990 2971
1322 2270 2254 2231 2251 3011 2995 2972 2992
1323 2246 2455 2224 2199 2987 3196 2965 2940
1324 2227 2157 2199 2224 2968 2898 2940 2965
1325 2240 2436 2225 2237 2981 3177 2966 2978
1326 2166 2198 2433 2160 2907 2939 3174 2901
1327 2245 2453 2247 2213 2986 3194 2988 2954
1328 2250 2206 2230 2267 2991 2947 2971 3008
1329 2229 2205 2208 2231 2970 2946 2949 2972
1330 2251 2231 2208 2234 2992 2972 2949 2975
1331 2269 2324 2271 2252 3010 3065 3012 2993
1332 2258 2235 2207 2253 2999 2976 2948 2994
1333 2255 2272 2270 2251 2996 3013 3011 2992
1334 2173 2209 2236 2234 2914 2950 2977 2975
1335 2231 2254 2256 2229 2972 2995 2997 2970
1336 2278 2253 2233 2287 3019 2994 2974 3028
1337 2299 2432 2289 2305 3040 3173 3030 3046
1338 2268 2188 2439 2454 3009 2929 3180 3195
1339 2266 2279 2239 2214 3007 3020 2980 2955
1340 2260 2240 2217 2242 3001 2981 2958 2983
1341 2423 2217 2240 2215 3164 2958 2981 2956
1342 2273 2443 2442 2244 3014 3184 3183 2985
1343 2259 2241 2216 2239 3000 2982 2957 2980
1344 2225 2436 2441 2244 2966 3177 3182 2985
1345 2449 2273 2244 2441 3190 3014 2985 3182
1346 2455 2246 2281 2264 3196 2987 3022 3005
1347 2446 2441 2436 2445 3187 3182 3177 3186
1348 2221 2225 2244 2442 2962 2966 2985 3183
1349 2219 2263 2453 2245 2960 3004 3194 2986
1350 2281 2246 2226 2261 3022 2987 2967 3002
1351 2281 2263 2219 2268 3022 3004 2960 3009
1352 2451 2259 2239 2279 3192 3000 2980 3020
1353 2447 2312 2306 2307 3188 3053 3047 3048
1354 2440 2249 2223 2243 3181 2990 2964 2984
1355 2261 2226 2228 2248 3002 2967 2969 2989
1356 2438 2210 2227 2262 3179 2951 2968 3003
1357 2265 2256 2254 2274 3006 2997 2995 3015
1358 2425 2324 2269 2250 3166 3065 3010 2991
1359 2236 2255 2251 2234 2977 2996 2992 2975
1360 2407 2258 2253 2278 3148 2999 2994 3019
1361 2316 2315 2330 2319 3057 3056 3071 3060
1362 2267 2440 2275 2284 3008 3181 3016 3025
1363 2424 2316 2319 2318 3165 3057 3060 3059
1364 2265 2282 2248 2228 3006 3023 2989 2969
1365 98 99 2349 2348 47 46 3090 3089
1366 2353 2331 2310 2290 3094 3072 3051 3031
1367 2327 2135 2258 2407 3068 2876 2999 3148
1368 2449 2441 2446 2283 3190 3182 3187 3024
1369 2282 2265 2274 2297 3023 3006 3015 3038
1370 2263 2280 2266 2453 3004 3021 3007 3194
1371 2282 2452 2261 2248 3023 3193 3002 2989
1372 2450 2286 2300 2308 3191 3027 3041 3049
1373 2249 2440 2267 2230 2990 3181 3008 2971
1374 2439 2220 2264 2454 3180 2961 3005 3195
1375 2287 2233 2252 2271 3028 2974 2993 3012
1376 2304 2309 2312 2298 3045 3050 3053 3039
1377 2270 2288 2274 2254 3011 3029 3015 2995
1378 2277 2289 2272 2255 3018 3030 3013 2996
1379 2427 2311 2434 2299 3168 3052 3175 3040
1380 2450 2308 2294 2275 3191 3049 3035 3016
1381 2275 2294 2301 2284 3016 3035 3042 3025
1382 2280 2291 2279 2266 3021 3032 3020 3007
1383 2409 2339 2325 2416 3150 3080 3066 3157
1384 2325 2276 2174 2416 3066 3017 2915 3157
1385 2356 2372 2355 2358 3097 3113 3096 3099
1386 2369 2337 2321 2374 3110 3078 3062 3115
1387 2358 2330 2326 2356 3099 3071 3067 3097
1388 2247 2453 2266 2214 2988 3194 3007 2955
1389 2300 2283 2451 2296 3041 3024 3192 3037
1390 2261 2452 2293 2281 3002 3193 3034 3022
1391 2281 2293 2280 2263 3022 3034 3021 3004
1392 2292 2280 2293 2452 3033 3021 3034 3193
1393 2445 2260 2259 2446 3186 3001 3000 3187
1394 2273 2449 2286 2450 3014 3190 3027 3191
1395 2284 2295 2250 2267 3025 3036 2991 3008
1396 2447 2307 2302 2292 3188 3048 3043 3033
1397 2288 2270 2272 2285 3029 3011 3013 3026
1398 2286 2449 2283 2300 3027 3190 3024 3041
1399 2326 2427 2299 2305 3067 3168 3040 3046
1400 2296 2291 2302 2300 3037 3032 3043 3041
1401 2435 2309 2311 2313 3176 3050 3052 3054
1402 2348 2349 2364 2371 3089 3090 3105 3112
1403 2310 2277 2257 2290 3051 3018 2998 3031
1404 2451 2279 2291 2296 3192 3020 3032 3037
1405 2308 2300 2302 2307 3049 3041 3043 3048
1406 2309 2435 2306 2312 3050 3176 3047 3053
1407 2271 2324 2425 2320 3012 3065 3166 3061
1408 2303 2297 2274 2288 3044 3038 3015 3029
1409 2292 2452 2282 2297 3033 3193 3023 3038
1410 2303 2288 2285 2298 3044 3029 3026 3039
1411 2306 2294 2308 2307 3047 3035 3049 3048
1412 2314 2295 2284 2301 3055 3036 3025 3042
1413 2291 2280 2292 2302 3032 3021 3033 3043
1414 2303 2447 2292 2297 3044 3188 3033 3038
1415 2309 2304 2434 2311 3050 3045 3175 3052
1416 2427 2315 2313 2311 3168 3056 3054 3052
1417 2435 2301 2294 2306 3176 3042 3035 3047
1418 2315 2427 2326 2330 3056 3168 3067 3071
1419 2315 2316 2314 2313 3056 3057 3055 3054
1420 2278 2287 2317 2321 3019 3028 3058 3062
1421 2447 2303 2298 2312 3188 3044 3039 3053
1422 2301 2435 2313 2314 3042 3176 3054 3055
1423 2318 2320 2425 2424 3059 3061 3166 3165
1424 2338 2322 2318 2319 3079 3063 3059 3060
1425 2320 2317 2287 2271 3061 3058 3028 3012
1426 2295 2314 2316 2424 3036 3055 3057 3165
1427 2321 2317 2322 2323 3062 3058 3063 3064
1428 2374 2321 2323 2335 3115 3062 3064 3076
1429 2320 2318 2322 2317 3061 3059 3063 3058
1430 2398 2327 2407 2337 3139 3068 3148 3078
1431 2335 2323 2322 2338 3076 3064 3063 3079
1432 2339 2409 2336 2352 3080 3150 3077 3093
1433 2351 2350 100 101 3092 3091 45 44
1434 2357 2326 2305 2329 3098 3067 3046 3070
1435 2354 2334 1996 2328 3095 3075 2737 3069
1436 2335 2338 2358 2355 3076 3079 3099 3096
1437 2381 2380 2378 2377 3122 3121 3119 3118
1438 99 100 2350 2349 46 45 3091 3090
1439 2136 2332 1993 2406 2877 3073 2734 3147
1440 2386 2049 2334 2340 3127 2790 3075 3081
1441 2340 2346 242 243 3081 3087 271 270
1442 2407 2278 2321 2337 3148 3019 3062 3078
1443 239 240 2342 2344 274 273 3083 3085
1444 2382 2375 2369 2374 3123 3116 3110 3115
1445 2358 2338 2319 2330 3099 3079 3060 3071
1446 2365 2373 2352 2364 3106 3114 3093 3105
1447 2373 2353 2339 2352 3114 3094 3080 3093
1448 2345 2341 237 238 3086 3082 276 275
1449 2368 2347 102 103 3109 3088 43 42
1450 2346 2343 241 242 3087 3084 272 271
1451 2347 2351 101 102 3088 3092 44 43
1452 2048 2371 2336 2406 2789 3112 3077 3147
1453 2349 2350 2365 2364 3090 3091 3106 3105
1454 2375 2382 2381 2376 3116 3123 3122 3117
1455 2290 2325 2339 2353 3031 3066 3080 3094
1456 2370 2415 2329 2331 3111 3156 3070 3072
1457 2354 2398 2359 2346 3095 3139 3100 3087
1458 2398 2354 2328 2327 3139 3095 3069 3068
1459 2342 2360 2362 2344 3083 3101 3103 3085
1460 2372 2356 2326 2357 3113 3097 3067 3098
1461 2359 2369 2375 2361 3100 3110 3116 3102
1462 2370 2373 2365 2378 3111 3114 3106 3119
1463 2380 2357 2329 2415 3121 3098 3070 3156
1464 2376 2381 2377 2379 3117 3122 3118 3120
1465 2343 2361 2360 2342 3084 3102 3101 3083
1466 2367 2345 2344 2362 3108 3086 3085 3103
1467 2367 2368 2341 2345 3108 3109 3082 3086
1468 2351 2347 2366 2363 3092 3088 3107 3104
1469 2363 2365 2350 2351 3104 3106 3091 3092
1470 2360 2376 2379 2362 3101 3117 3120 3103
1471 2373 2370 2331 2353 3114 3111 3072 3094
1472 2415 2370 2378 2380 3156 3111 3119 3121
1473 2335 2355 2382 2374 3076 3096 3123 3115
1474 2361 2375 2376 2360 3102 3116 3117 3101
1475 2366 2367 2362 2379 3107 3108 3103 3120
1476 2379 2377 2363 2366 3120 3118 3104 3107
1477 2365 2363 2377 2378 3106 3104 3118 3119
1478 2381 2372 2357 2380 3122 3113 3098 3121
1479 2355 2372 2381 2382 3096 3113 3122 3123
1480 2399 2049 2386 1987 3140 2790 3127 2728
1481 1941 1936 2387 2403 2682 2677 3128 3144
1482 2397 1822 2389 1929 3138 2563 3130 2670
1483 1829 1742 1743 2392 2570 2483 2484 3133
1484 1931 2399 1852 2393 2672 3140 2593 3134
1485 2416 2176 2136 2409 3157 2917 2877 3150
1486 1991 2417 2045 2411 2732 3158 2786 3152
1487 2092 2426 2428 2421 2833 3167 3169 3162
1488 1980 2422 2090 1972 2721 3163 2831 2713
1489 2250 2295 2424 2425 2991 3036 3165 3166
1490 2426 2091 2418 2428 3167 2832 3159 3169
1491 2020 2027 2172 2429 2761 2768 2913 3170
1492 2285 2272 2289 2432 3026 3013 3030 3173
1493 2304 2432 2299 2434 3045 3173 3040 3175
1494 2212 2178 2177 2438 2953 2919 2918 3179
1495 2450 2275 2440 2243 3191 3016 3181 2984
1496 2260 2445 2436 2240 3001 3186 3177 2981
1497 2443 2273 2450 2243 3184 3014 3191 2984
1498 2259 2451 2283 2446 3000 3192 3024 3187
1499 2168 2229 2256 2444 2909 2970 2997 3185