
                     X                   displacement                force         

                   0.                       0.                      -0.            
                   1.44000006E+03           0.                      -0.            
                   2.88000011E+03           0.                      -0.            
                   4.32000017E+03           0.                      -0.            
                   5.76000023E+03           0.                      -0.            
                   7.19999981E+03           0.                      -0.            
                   7.19999981E+03           0.                      -0.            
                   7.20716E+03             17.9099979E-06          257.915253      
                   7.21431971E+03          35.8199959E-06          515.787109      
                   7.22147989E+03          53.7299881E-06          773.615234      
                   7.22864008E+03          71.6399918E-06            1.03139961E+03
                   7.23579979E+03          89.5499878E-06            1.28914106E+03
                   7.24295998E+03         107.459976E-06             1.54683828E+03
                   7.25012016E+03         125.369995E-06             1.80449283E+03
                   7.25727987E+03         143.279984E-06             2.06210279E+03
                   7.26444006E+03         161.190048E-06             2.31967044E+03
                   7.27160025E+03         179.099976E-06             2.57719326E+03
                   7.27875996E+03         197.010086E-06             2.83467436E+03
                   7.28592014E+03         214.919952E-06             3.09211135E+03
                   7.29307985E+03         232.830063E-06             3.34950399E+03
                   7.30024004E+03         250.73999E-06              3.60685325E+03
                   7.30739975E+03         268.650116E-06             3.86416101E+03
                   7.31455994E+03         286.559967E-06             4.12142277E+03
                   7.32172012E+03         304.46994E-06              4.37864208E+03
                   7.32887983E+03         322.380096E-06             4.63581705E+03
                   7.33604002E+03         340.290039E-06             4.8929286E+03 
                   7.34320021E+03         358.199951E-06             5.14997721E+03
                   7.35035992E+03         376.110016E-06             5.40694809E+03
                   7.3575201E+03          394.020172E-06             5.6638484E+03 
                   7.36468029E+03         411.92984E-06              5.92067385E+03
                   7.37184E+03            429.839905E-06             6.17741394E+03
                   7.37900019E+03         447.750092E-06             6.43407059E+03
                   7.38616037E+03         465.660126E-06             6.69064045E+03
                   7.39331961E+03         483.569916E-06             6.94711733E+03
                   7.40047979E+03         501.47998E-06              7.20349646E+03
                   7.40763998E+03         519.390137E-06             7.45977688E+03
                   7.41479969E+03         537.300232E-06             7.7159462E+03 
                   7.42195988E+03         555.209961E-06             7.97200394E+03
                   7.42912006E+03         573.119934E-06             8.2279377E+03 
                   7.43627977E+03         591.030151E-06             8.48373699E+03
                   7.44343996E+03         608.93988E-06              8.7393837E+03 
                   7.45060015E+03         626.850159E-06             8.99486065E+03
                   7.45775986E+03         644.760193E-06             9.25013447E+03
                   7.46492004E+03         662.6698E-06               9.50517178E+03
                   7.47208023E+03         680.580078E-06             9.75989056E+03
                   7.47924042E+03         698.490112E-06            10.0141191E+03 
                   7.48640013E+03         716.399902E-06            10.2675848E+03 
                   7.49355984E+03         734.310181E-06            10.5199804E+03 
                   7.50072002E+03         752.220032E-06            10.7708216E+03 
                   7.50787973E+03         770.129944E-06            11.019248E+03  
                   7.51503992E+03         788.040344E-06            11.2635355E+03 
                   7.52220011E+03         805.949951E-06            11.4978609E+03 
                   7.52935982E+03         823.85968E-06             11.68151E+03   
                   7.53652E+03            841.770264E-06            11.8401556E+03 
                   7.54368019E+03         859.67981E-06             11.9844351E+03 
                   7.5508399E+03          877.590332E-06            12.1170883E+03 
                   7.55800009E+03         895.500183E-06            12.2400007E+03 
                   7.56516027E+03         913.409729E-06            12.3549509E+03 
                   7.57231998E+03         931.320251E-06            12.4622889E+03 
                   7.57948017E+03         949.230103E-06            12.5617161E+03 
                   7.58664036E+03         967.139832E-06            12.6526365E+03 
                   7.59379959E+03         985.050171E-06            12.7344093E+03 
                   7.60095978E+03           1.00295997E-03          12.8082209E+03 
                   7.60811996E+03           1.02086973E-03          12.8749666E+03 
                   7.61527967E+03           1.03878033E-03          12.9347954E+03 
                   7.62243986E+03           1.05668998E-03          12.9839439E+03 
                   7.62960005E+03           1.07460046E-03          13.0163097E+03 
                   7.63675976E+03           1.0925101E-03           13.0278959E+03 
                   7.63899994E+03           1.09811306E-03          13.031373E+03  
                   7.64391994E+03           1.11041987E-03          13.0389271E+03 
                   7.65108013E+03           1.12833047E-03          13.0497761E+03 
                   7.65824032E+03           1.14623988E-03          13.0604315E+03 
                   7.66540003E+03           1.16414976E-03          13.0708447E+03 
                   7.67256021E+03           1.18206036E-03          13.080986E+03  
                   7.6797204E+03            1.19996989E-03          13.0909519E+03 
                   7.68688011E+03           1.21787977E-03          13.1007261E+03 
                   7.69403982E+03           1.23579025E-03          13.1103029E+03 
                   7.70120001E+03           1.25370038E-03          13.119688E+03  
                   7.70835972E+03           1.27160966E-03          13.1288652E+03 
                   7.71551991E+03           1.28952038E-03          13.1378212E+03 
                   7.72268009E+03           1.30743039E-03          13.1465588E+03 
                   7.7298398E+03            1.32533956E-03          13.155014E+03  
                   7.73699999E+03           1.34325027E-03          13.1631498E+03 
                   7.74416018E+03           1.36116016E-03          13.1709337E+03 
                   7.75E+03                 1.3757683E-03           13.176939E+03  
                   7.75131989E+03           1.37907016E-03          13.1782665E+03 
                   7.75400019E+03           1.38577414E-03          13.1808414E+03 
                   7.75848007E+03           1.39698017E-03          13.1848183E+03 
                   7.76564026E+03           1.41489029E-03          13.1899967E+03 
                   7.77279997E+03           1.43279982E-03          13.1927404E+03 
                   7.77996016E+03           1.45071006E-03          13.1904659E+03 
                   7.78712034E+03           1.4686203E-03           13.1813774E+03 
                   7.79428005E+03           1.48652983E-03          13.1653814E+03 
                   7.80143976E+03           1.50444007E-03          13.1435432E+03 
                   7.80859995E+03           1.52235007E-03          13.1158371E+03 
                   7.81575966E+03           1.54025984E-03          13.0829964E+03 
                   7.82291985E+03           1.55816996E-03          13.0452566E+03 
                   7.83008003E+03           1.57608068E-03          13.0031052E+03 
                   7.83724022E+03           1.59398961E-03          12.9568195E+03 
                   7.84439993E+03           1.61189985E-03          12.9067202E+03 
                   7.85156012E+03           1.62981069E-03          12.8530397E+03 
                   7.85871983E+03           1.64771938E-03          12.7959681E+03 
                   7.86588001E+03           1.66562974E-03          12.7356205E+03 
                   7.8730402E+03            1.68354058E-03          12.6721458E+03 
                   7.88020039E+03           1.70145071E-03          12.6055269E+03 
                   7.8873601E+03            1.71935964E-03          12.5354424E+03 
                   7.89451981E+03           1.73727047E-03          12.4613485E+03 
                   7.90167999E+03           1.75518072E-03          12.3821468E+03 
                   7.9088397E+03            1.77308953E-03          12.2965097E+03 
                   7.91599989E+03           1.79100037E-03          12.2031689E+03 




