
                     X                  AVERAGE_UVARM1           AVERAGE_UVARM2           AVERAGE_UVARM3           AVERAGE_UVARM4           AVERAGE_UVARM5           AVERAGE_UVARM6           AVERAGE_UVARM7           AVERAGE_UVARM8           AVERAGE_UVARM9          AVERAGE_UVARM10    

                   1.79999995E+03           0.                       0.                       0.                       0.                       0.                       0.                       0.                      10.1744547                8.60306549               1.57139039    
                   1.80604005E+03           0.                      15.9604187E+06           46.5492134E+06           23.3482437E+06           46.9927521E+06          342.892914E-03           989.73291E-03             10.1750278                8.60355759               1.57147205    
                   1.81207991E+03           0.                      31.9163895E+06           93.0859985E+06           46.6903381E+06           93.9727631E+06          342.890839E-03           989.727173E-03            10.1757975                8.60421562               1.57158172    
                   1.81812E+03              0.                      47.8679314E+06          139.610397E+06            70.0262909E+06          140.940063E+06           342.888733E-03           989.721069E-03            10.1766357                8.60493565               1.57170117    
                   1.82415998E+03           0.                      63.8150139E+06          186.122391E+06            93.3561096E+06          187.894623E+06           342.886627E-03           989.715088E-03            10.1775026                8.60568047               1.57182479    
                   1.83019996E+03           0.                      79.757637E+06           232.621979E+06           116.679779E+06           234.836533E+06           342.884583E-03           989.709045E-03            10.1783848                8.60643482               1.5719502     
                   1.83623993E+03           0.                      95.6958618E+06          279.109222E+06           139.997345E+06           281.765747E+06           342.882477E-03           989.703125E-03            10.1792707                8.60719395               1.57207644    
                   1.84228003E+03           0.                     111.629631E+06           325.584045E+06           163.308762E+06           328.682251E+06           342.880402E-03           989.697327E-03            10.1801586                8.60795403               1.57220292    
                   1.84831989E+03           0.                     127.558922E+06           372.0466E+06             186.614075E+06           375.586182E+06           342.878326E-03           989.691223E-03            10.1810455                8.60871506               1.5723294     
                   1.85435998E+03           0.                     143.483917E+06           418.496796E+06           209.913284E+06           422.477356E+06           342.876251E-03           989.685303E-03            10.1819296                8.60947514               1.57245564    
                   1.86040008E+03           0.                     159.404388E+06           464.934601E+06           233.206406E+06           469.355896E+06           342.874084E-03           989.679382E-03            10.1828127                8.6102314                1.57258117    
                   1.86643994E+03           0.                     175.320496E+06           511.360107E+06           256.493378E+06           516.221863E+06           342.872009E-03           989.673401E-03            10.183692                 8.61098576               1.57270634    
                   1.87248003E+03           0.                     191.232086E+06           557.773376E+06           279.774323E+06           563.075195E+06           342.869934E-03           989.667542E-03            10.1845684                8.6117382                1.57283151    
                   1.87852001E+03           0.                     207.13942E+06            604.174194E+06           303.049103E+06           609.915894E+06           342.867828E-03           989.661682E-03            10.1854391                8.61248589               1.57295549    
                   1.88456011E+03           0.                     223.042221E+06           650.562805E+06           326.317841E+06           656.74408E+06            342.865723E-03           989.655762E-03            10.1863079                8.61322975               1.57307935    
                   1.89059997E+03           0.                     238.94075E+06            696.939148E+06           349.580536E+06           703.55957E+06            342.863708E-03           989.649902E-03            10.1871719                8.61397076               1.57320249    
                   1.89664006E+03           0.                     254.834778E+06           743.303345E+06           372.837036E+06           750.362488E+06           342.861725E-03           989.643982E-03            10.1880331                8.6147089                1.57332516    
                   1.90268004E+03           0.                     270.724365E+06           789.65509E+06            396.087555E+06           797.152954E+06           342.859528E-03           989.638245E-03            10.1888885                8.61544228               1.57344699    
                   1.90872002E+03           0.                     286.609711E+06           835.994812E+06           419.332031E+06           843.930664E+06           342.857513E-03           989.632324E-03            10.1897411                8.61617184               1.57356822    
                   1.91475999E+03          51.4970856E-06          300.75531E+06            873.193359E+06           438.637054E+06           882.864624E+06           344.432007E-03           984.603088E-03            10.1908045                8.61689281               1.57391095    
                   1.92080009E+03         273.422272E-06           308.391632E+06           881.225952E+06           445.095276E+06           895.781189E+06           349.957672E-03           965.897705E-03            10.1935263                8.61840439               1.57512212    
                   1.92683995E+03         537.962219E-06           315.055084E+06           887.171326E+06           450.31311E+06            906.288513E+06           355.123413E-03           948.687195E-03            10.1940346                8.61785889               1.57617569    
                   1.93288004E+03         839.579895E-06           320.6362E+06             892.763489E+06           454.885132E+06           915.467651E+06           359.15036E-03            935.117554E-03            10.1944141                8.61706638               1.57734787    
                   1.93892002E+03           1.17697084E-03         324.734802E+06           898.055054E+06           458.636963E+06           922.997742E+06           361.598022E-03           926.822571E-03            10.1953773                8.61664104               1.57873595    
                   1.94496E+03              1.54720998E-03         327.338196E+06           903.458496E+06           461.713806E+06           929.170044E+06           362.316986E-03           924.348206E-03            10.19662                  8.61633301               1.58028543    
                   1.95099998E+03           1.94625115E-03         328.571899E+06           909.282288E+06           464.283875E+06           934.322144E+06           361.353088E-03           927.554626E-03            10.1979542                8.61599731               1.5819546     
                   1.95704007E+03           2.37777591E-03         328.509125E+06           914.7724E+06             466.124969E+06           938.002197E+06           359.115723E-03           935.038635E-03            10.1993818                8.61562443               1.58375788    
                   1.96307993E+03           2.83706164E-03         327.476288E+06           920.493347E+06           467.576385E+06           940.892517E+06           355.76181E-03            946.260742E-03            10.2008448                8.61517429               1.58566833    
                   1.96912003E+03           3.32525349E-03         325.678711E+06           926.144775E+06           468.63443E+06            942.968811E+06           351.649811E-03           959.970093E-03            10.2023525                8.61466026               1.58769274    
                   1.97516E+03              3.84087086E-03         323.37558E+06            931.88623E+06            469.491608E+06           944.576904E+06           347.011871E-03           975.375305E-03            10.2039442                8.61411381               1.58983004    
                   1.98119998E+03           4.38426352E-03         320.763763E+06           937.552734E+06           470.359528E+06           945.78717E+06            342.128693E-03           991.509766E-03            10.2056065                8.61352634               1.59208       
                   1.98723996E+03           4.95395756E-03         318.060577E+06           943.326111E+06           473.225739E+06           946.933533E+06           337.16922E-03            992.168579E-03            10.2073927                8.61294842               1.59444499    
                   1.99328005E+03           5.55187893E-03         315.397369E+06           948.931152E+06           477.972931E+06           947.963867E+06           332.371124E-03           976.472412E-03            10.2093143                8.61238098               1.5969336     
                   1.99932003E+03           6.17658472E-03         312.937317E+06           954.62146E+06            482.856293E+06           949.216797E+06           327.81308E-03            961.634033E-03            10.2113972                8.6118536                1.59954417    
                   2.00535989E+03           6.82964468E-03         310.764069E+06           960.236816E+06           487.55368E+06            950.678955E+06           323.632843E-03           948.085815E-03            10.2136812                8.61139393               1.60228848    
                   2.01139998E+03           7.51216745E-03         308.967163E+06           965.783691E+06           492.012268E+06           952.456055E+06           319.913483E-03           936.088196E-03            10.2161436                8.61097717               1.60516703    
                   2.01743984E+03           8.22502041E-03         307.626312E+06           971.338318E+06           496.249176E+06           954.68988E+06            316.703583E-03           925.776306E-03            10.2188263                8.61063766               1.60818994    
                   2.02347994E+03           8.97050476E-03         306.786346E+06           976.856079E+06           500.22052E+06            957.407288E+06           314.054901E-03           917.306885E-03            10.2217512                8.61038399               1.61136806    
                   2.02952003E+03           9.75243187E-03         306.509125E+06           982.266479E+06           503.862793E+06           960.635315E+06           312.042816E-03           910.888977E-03            10.2249031                8.61018944               1.61471343    
                   2.03556013E+03          10.5826263E-03          306.741364E+06           986.800415E+06           506.700165E+06           963.825073E+06           310.844482E-03           907.113342E-03            10.2283516                8.61007214               1.61828005    
                   2.04159999E+03          11.4694586E-03          307.698456E+06           991.10321E+06            509.067902E+06           967.627747E+06           310.460541E-03           905.933044E-03            10.2321177                8.61001492               1.62210214    
                   2.04764009E+03          12.4362535E-03          309.818695E+06           995.793945E+06           511.174225E+06           972.90863E+06            311.12735E-03            908.122009E-03            10.236268                 8.60999298               1.62627542    
                   2.05367994E+03          13.5275421E-03          313.337189E+06             1.00108862E+09         513.053284E+06           980.051392E+06           312.996399E-03           914.162048E-03            10.2410431                8.61004162               1.63099933    
                   2.05972004E+03          14.7678604E-03          317.653839E+06             1.00710642E+09         515.041138E+06           988.493713E+06           315.412537E-03           921.965759E-03            10.2465649                8.61018181               1.6363827     
                   2.0657599E+03           16.1854992E-03          322.15741E+06              1.01398444E+09         517.498657E+06           997.681213E+06           317.714325E-03           929.41449E-03             10.252883                 8.61034679               1.64253688    
                   2.07179999E+03          17.8265171E-03          326.543762E+06             1.02194631E+09         520.712097E+06             1.00744653E+09         319.531311E-03           935.311951E-03            10.2600441                8.61040592               1.6496377     
                   2.07784009E+03          19.8153191E-03          330.929443E+06             1.03159571E+09         525.027893E+06             1.01830983E+09         320.793884E-03           939.4328E-03              10.2683716                8.6101799                1.65819168    
                   2.08387995E+03          23.068346E-03           336.196136E+06             1.04046035E+09         528.413635E+06             1.0295651E+09          323.122437E-03           947.068298E-03            10.2806854                8.60870075               1.67198527    
                   2.08991981E+03          27.6673279E-03          341.425964E+06             1.05240428E+09         533.829773E+06             1.04279649E+09         324.424774E-03           951.423523E-03            10.2973709                8.60599995               1.69136858    
                   2.0959599E+03           33.0455513E-03          344.552826E+06             1.06298423E+09         539.319641E+06             1.05296648E+09         324.137238E-03           950.638245E-03            10.3171692                8.60309982               1.71406817    
                   2.102E+03               39.0520668E-03          345.712921E+06             1.07190239E+09         544.628357E+06             1.0600177E+09          322.522827E-03           945.53064E-03             10.3393021                8.59989452               1.73940754    
                   2.10804009E+03          45.6206017E-03          345.708282E+06             1.07846642E+09         548.919922E+06             1.06431639E+09         320.555573E-03           939.300293E-03            10.3636398                8.59652042               1.76712108    
                   2.11408019E+03          52.7124214E-03          345.13504E+06              1.08416605E+09         552.900146E+06             1.06745124E+09         318.341583E-03           932.267395E-03            10.3900089                8.59297371               1.79703629    
                   2.12012005E+03          60.3666687E-03          344.420929E+06             1.088853E+09           556.275574E+06             1.06976902E+09         316.315338E-03           925.838806E-03            10.4186716                8.5893364                1.82933462    
                   2.12615991E+03          68.6228333E-03          343.566101E+06             1.092641E+09           559.122498E+06             1.07134545E+09         314.436432E-03           919.880066E-03            10.4497919                8.58561134               1.86418152    
                   2.1322E+03              77.4557266E-03          342.270813E+06             1.09601068E+09         561.888733E+06             1.07218027E+09         312.287811E-03           913.048828E-03            10.4832764                8.58180809               1.90146697    
                   2.13400006E+03          80.1821899E-03          341.695068E+06             1.09700072E+09         562.786011E+06             1.0722183E+09          311.481171E-03           910.482605E-03            10.4933214                8.58039951               1.91292024    




