
                     X                  AVERAGE_UVARM1           AVERAGE_UVARM2           AVERAGE_UVARM3           AVERAGE_UVARM4           AVERAGE_UVARM5           AVERAGE_UVARM6           AVERAGE_UVARM7           AVERAGE_UVARM8           AVERAGE_UVARM9          AVERAGE_UVARM10    

                   1.79999995E+03           0.                       0.                       0.                       0.                       0.                       0.                       0.                      10.0123615                8.46406841               1.54829502    
                   1.80675006E+03           0.                       8.19457722E+06          19.9706936E+06           10.6896114E+06           21.3791885E+06          410.330139E-03           733.730469E-03            10.0138807                8.46537113               1.54851139    
                   1.81350005E+03           0.                      16.3885422E+06           39.9416809E+06           21.379076E+06            42.758091E+06           410.311676E-03           733.797974E-03            10.0153866                8.46666145               1.54872561    
                   1.82025003E+03           0.                      24.5818863E+06           59.9129715E+06           32.0683937E+06           64.1366882E+06          410.293121E-03           733.865112E-03            10.0168791                8.46794319               1.54893863    
                   1.82700002E+03           0.                      32.7745972E+06           79.8845596E+06           42.7575569E+06           85.515007E+06           410.274658E-03           733.932495E-03            10.018362                 8.46921158               1.54914963    
                   1.83375001E+03           0.                      40.9667053E+06           99.8564224E+06           53.4465904E+06          106.893021E+06           410.256104E-03           733.999817E-03            10.0198336                8.4704752                1.54935932    
                   1.8405E+03               0.                      49.1581841E+06          119.828583E+06            64.1354675E+06          128.270752E+06           410.23761E-03            734.067078E-03            10.0212927                8.47172642               1.54956722    
                   1.84724998E+03           0.                      57.3490868E+06          139.801071E+06            74.8241959E+06          149.648193E+06           410.219177E-03           734.134216E-03            10.0227404                8.47297001               1.54977393    
                   1.85399997E+03           0.                      65.5393219E+06          159.773834E+06            85.5127792E+06          171.025299E+06           410.200623E-03           734.201538E-03            10.0241795                8.47420025               1.54997861    
                   1.86074996E+03           0.                      73.7289658E+06          179.746887E+06            96.2012177E+06          192.402191E+06           410.182159E-03           734.268677E-03            10.0256052                8.47542191               1.5501821     
                   1.86749995E+03           0.                      81.9179611E+06          199.720215E+06           106.889526E+06           213.778732E+06           410.163635E-03           734.335876E-03            10.0270233                8.47663975               1.55038357    
                   1.87425005E+03           0.                      90.1063766E+06          219.693893E+06           117.577652E+06           235.155014E+06           410.145203E-03           734.402832E-03            10.0284271                8.47784519               1.55058396    
                   1.88100004E+03           0.                      98.2942047E+06          239.667801E+06           128.265656E+06           256.530945E+06           410.12674E-03            734.470154E-03            10.0298252                8.47904301               1.55078304    
                   1.88775003E+03           0.                     106.481384E+06           259.642029E+06           138.953552E+06           277.906647E+06           410.108246E-03           734.53717E-03             10.031209                 8.48022842               1.55098021    
                   1.89450002E+03           0.                     114.667953E+06           279.616516E+06           149.641235E+06           299.282104E+06           410.089783E-03           734.604126E-03            10.0325842                8.48140907               1.55117643    
                   1.90125E+03              0.                     122.853882E+06           299.5914E+06             160.328796E+06           320.657166E+06           410.071411E-03           734.671326E-03            10.0339508                8.48258305               1.55137098    
                   1.90799999E+03           0.                     131.039215E+06           319.566559E+06           171.016205E+06           342.031952E+06           410.052887E-03           734.738403E-03            10.0353088                8.48374367               1.55156422    
                   1.91474998E+03           0.                     139.223877E+06           339.541901E+06           181.703491E+06           363.406403E+06           410.034485E-03           734.805298E-03            10.0366535                8.48489761               1.55175626    
                   1.92149997E+03           0.                     147.407959E+06           359.51767E+06            192.390594E+06           384.78064E+06            410.016083E-03           734.872192E-03            10.0379925                8.48604679               1.55194688    
                   1.92824996E+03           0.                     155.591507E+06           379.493652E+06           203.077576E+06           406.154663E+06           409.99762E-03            734.939331E-03            10.03932                  8.48718452               1.55213594    
                   1.93499994E+03           0.                     163.774429E+06           399.46991E+06            213.764435E+06           427.528259E+06           409.979218E-03           735.006226E-03            10.040637                 8.48831463               1.55232406    
                   1.94175005E+03           0.                     171.95668E+06            419.446503E+06           224.451111E+06           448.901642E+06           409.960815E-03           735.07312E-03             10.0419474                8.4894371                1.55251038    
                   1.94850004E+03           0.                     180.138306E+06           439.423492E+06           235.13765E+06            470.27478E+06            409.942383E-03           735.139954E-03            10.0432482                8.49055195               1.55269599    
                   1.95525002E+03           0.                     188.319275E+06           459.400574E+06           245.824051E+06           491.647491E+06           409.923981E-03           735.206787E-03            10.0445404                8.49166203               1.55287981    
                   1.96200001E+03           0.                     196.499817E+06           479.378082E+06           256.510284E+06           513.019897E+06           409.90564E-03            735.273743E-03            10.0458231                8.49276161               1.5530628     
                   1.96875E+03              0.                     204.679626E+06           499.355835E+06           267.196411E+06           534.392212E+06           409.887207E-03           735.340454E-03            10.0470982                8.49385357               1.55324411    
                   1.97549999E+03           0.                     212.858826E+06           519.333923E+06           277.882446E+06           555.764038E+06           409.868774E-03           735.407349E-03            10.0483627                8.4949379                1.5534246     
                   1.98224998E+03           0.                     221.037415E+06           539.312195E+06           288.568237E+06           577.135681E+06           409.850464E-03           735.474182E-03            10.0496216                8.49601841               1.55360389    
                   1.98899996E+03           0.                     229.215271E+06           559.291016E+06           299.253845E+06           598.507019E+06           409.832062E-03           735.540955E-03            10.050868                 8.49708748               1.55378175    
                   1.99574995E+03           0.                     237.392776E+06           579.269897E+06           309.939392E+06           619.877991E+06           409.81369E-03            735.607483E-03            10.0521088                8.49814987               1.55395806    
                   2.00250006E+03           0.                     245.569519E+06           599.249023E+06           320.624847E+06           641.248779E+06           409.795288E-03           735.674255E-03            10.05334                  8.49920845               1.55413353    
                   2.00924993E+03           0.                     253.846619E+06           619.193848E+06           331.338928E+06           662.677246E+06           409.963165E-03           735.064758E-03            10.0545654                8.50025558               1.5543083     
                   2.01600003E+03           0.                     262.445923E+06           639.175842E+06           342.199432E+06           684.398071E+06           410.600525E-03           732.749023E-03            10.0557804                8.5012989                1.55448139    
                   2.0227499E+03            0.                     271.497498E+06           659.405396E+06           353.335876E+06           706.671082E+06           411.730835E-03           728.635742E-03            10.0569868                8.50233555               1.55465341    
                   2.02950001E+03           0.                     281.129608E+06           680.130493E+06           364.890503E+06           729.780518E+06           413.346497E-03           722.744141E-03            10.0581865                8.50336075               1.55482399    
                   2.03625011E+03           0.                     291.494476E+06           701.65741E+06            377.035706E+06           754.071045E+06           415.437073E-03           715.099976E-03            10.0593777                8.50438309               1.55499375    
                   2.04299998E+03           0.                     302.803375E+06           724.398926E+06           390.006317E+06           780.012451E+06           418.006378E-03           705.671204E-03            10.0605621                8.5053978                1.55516279    
                   2.04975009E+03           0.                     315.392975E+06           748.985596E+06           404.166656E+06           808.333496E+06           421.093384E-03           694.292603E-03            10.0617371                8.50640965               1.55533016    
                   2.05649996E+03           0.                     329.856018E+06           776.572144E+06           420.176117E+06           840.352539E+06           424.759216E-03           680.70874E-03             10.0629063                8.50741005               1.55549657    
                   2.06325006E+03           0.                     347.535278E+06           809.870544E+06           439.567749E+06           879.13623E+06            429.12439E-03            664.427551E-03            10.0640659                8.50840378               1.55566204    
                   2.06999993E+03           0.                     375.452637E+06           863.55072E+06            470.56488E+06            941.135193E+06           434.77771E-03            643.184753E-03            10.0652189                8.50939369               1.55582654    
                   2.07675004E+03           1.33582938E-03         388.356049E+06           900.373474E+06           489.436829E+06           978.912903E+06           431.327667E-03           656.318176E-03            10.0698013                8.50842857               1.56137156    
                   2.08349991E+03           2.8205297E-03          393.623138E+06           920.287354E+06           498.982452E+06           998.003296E+06           427.717529E-03           669.834412E-03            10.0749664                8.50742245               1.56754446    
                   2.09025002E+03           4.3215704E-03          398.074188E+06           936.91748E+06            506.961884E+06             1.01396167E+09         424.876587E-03           680.416138E-03            10.0804768                8.50664902               1.57382488    
                   2.09699988E+03           5.8313098E-03          402.265411E+06           951.532654E+06           514.076904E+06             1.0281899E+09          422.755463E-03           688.279114E-03            10.0862579                8.50607967               1.58017612    
                   2.10374999E+03           7.36052179E-03         406.315399E+06           964.574951E+06           520.543762E+06             1.04112351E+09         421.237762E-03           693.894409E-03            10.0923033                8.50566673               1.58663571    
                   2.1105001E+03            8.91904068E-03         410.407959E+06           976.478577E+06           526.601379E+06             1.05323899E+09         420.293884E-03           697.377991E-03            10.098588                 8.50535202               1.59323704    
                   2.11724997E+03          10.5894508E-03          414.506989E+06           986.833557E+06           532.080627E+06             1.06420827E+09         420.037415E-03           698.361023E-03            10.105298                 8.50499153               1.60030699    
                   2.12400007E+03          12.4904184E-03          420.249878E+06           996.056824E+06           537.795227E+06             1.07564056E+09         421.913788E-03           691.440002E-03            10.1126966                8.50437832               1.60831821    
                   2.13074994E+03          14.4907427E-03          424.760254E+06             1.00576186E+09         543.197815E+06             1.08645105E+09         422.326843E-03           689.928162E-03            10.120554                 8.50379467               1.6167568     
                   2.13750005E+03          16.4982471E-03          427.733032E+06             1.01550198E+09         548.004333E+06             1.09606922E+09         421.203674E-03           694.101318E-03            10.128561                 8.50331593               1.62524366    
                   2.14424992E+03          18.4392929E-03          430.091644E+06             1.02491939E+09         552.445984E+06             1.10495329E+09         419.634583E-03           699.892395E-03            10.1364956                8.50301743               1.63347721    
                   2.15100002E+03          20.3505268E-03          431.85968E+06              1.0334022E+09          556.295349E+06             1.11266577E+09         417.900909E-03           706.32019E-03             10.1444416                8.50283623               1.64160359    
                   2.15774989E+03          22.6491871E-03          435.299744E+06             1.03937185E+09         559.882446E+06             1.11985445E+09         418.810333E-03           703.020447E-03            10.1533966                8.50210857               1.65128636    
                   2.1645E+03              25.026268E-03           439.988068E+06             1.04554546E+09         564.048096E+06             1.12818372E+09         420.821655E-03           695.598877E-03            10.1627073                8.5014019                1.66130626    
                   2.1712501E+03           27.4478111E-03          445.285339E+06             1.05183411E+09         568.49231E+06              1.13706803E+09         423.341736E-03           686.258606E-03            10.1723776                8.50083637               1.67153966    
                   2.17799997E+03          30.0398369E-03          449.327911E+06             1.05852175E+09         572.574158E+06             1.14525509E+09         424.48642E-03            682.086914E-03            10.1826744                8.50019073               1.68248403    
                   2.18475008E+03          33.2410355E-03          452.340149E+06             1.0632745E+09          575.518555E+06             1.15118623E+09         425.421722E-03           678.738281E-03            10.1945953                8.49871826               1.69587588    
                   2.19149995E+03          36.751606E-03           456.033722E+06             1.06848681E+09         578.903687E+06             1.15798903E+09         426.803284E-03           673.697449E-03            10.2073679                8.49685669               1.71051085    
                   2.19825006E+03          40.4078102E-03          459.303406E+06             1.07368398E+09         582.115234E+06             1.16444683E+09         427.782837E-03           670.15155E-03             10.2207947                8.49502754               1.7257663     
                   2.20499992E+03          44.6434746E-03          462.990936E+06             1.07756984E+09         584.987793E+06             1.17023754E+09         429.662109E-03           663.258118E-03            10.2359581                8.49258518               1.74337089    
                   2.21175003E+03          49.4337349E-03          467.43631E+06              1.08196449E+09         588.334229E+06             1.17698455E+09         432.025421E-03           654.555969E-03            10.2528324                8.4896059                1.76322699    
                   2.2184999E+03           54.9146194E-03          470.791595E+06             1.08553135E+09         590.931519E+06             1.18226731E+09         433.69693E-03            648.521545E-03            10.2718811                8.48599339               1.78588879    
                   2.2190001E+03           55.3428612E-03          471.034149E+06             1.08579695E+09         591.121948E+06             1.18265498E+09         433.81427E-03            648.097595E-03            10.2733622                8.48570442               1.78765774    




